x1	w1	x2	w2	x3	w3	x4	w4	x5	w5	x6	w6
0.488792223	8.67E-06	0.483649221	8.60E-06	0.478506214	8.54E-06	0.473363203	8.48E-06	0.468220188	8.42E-06	0.463077168	8.36E-06
0.977802594	3.16E-05	0.96751865	3.14E-05	0.957234689	3.12E-05	0.946950711	3.10E-05	0.936666716	3.08E-05	0.926382702	3.05E-05
1.467031024	7.45E-05	1.451608197	7.39E-05	1.436185334	7.34E-05	1.420762433	7.29E-05	1.405339493	7.24E-05	1.389916511	7.19E-05
1.956477425	0.000142516	1.935917775	0.000141567	1.915358061	0.000140606	1.894798279	0.000139633	1.874238428	0.000138649	1.853678504	0.000137653
2.446141705	0.000241129	2.420447291	0.000239552	2.394752777	0.000237954	2.369058158	0.000236335	2.34336343	0.000234696	2.317668589	0.000233036
2.936023775	0.000375472	2.905196655	0.000373061	2.874369392	0.000370617	2.843541977	0.000368141	2.812714406	0.00036563	2.781886672	0.000363086
3.426123542	0.000550608	3.390165775	0.000547141	3.354207812	0.000543624	3.318249644	0.000540057	3.282291263	0.000536439	3.24633266	0.000532768
3.916440914	0.000771485	3.875354557	0.000766725	3.834267944	0.000761893	3.793181064	0.000756987	3.752093905	0.000752006	3.711006457	0.00074695
4.406975795	0.001042933	4.360762906	0.001036633	4.314549692	0.00103023	4.26833614	0.001023724	4.222122237	0.001017114	4.175907967	0.001010397
4.897728092	0.001369664	4.846390726	0.001361569	4.79505296	0.001353335	4.743714777	0.001344959	4.69237616	0.001336441	4.641037092	0.001327778
5.388697705	0.001756273	5.332237918	0.001746126	5.275777649	0.001735793	5.219316875	0.001725272	5.162855576	0.001714561	5.106393732	0.001703659
5.879884537	0.002207236	5.818304385	0.00219478	5.756723659	0.002182081	5.695142333	0.002169138	5.633560384	0.002155947	5.571977786	0.002142507
6.371288487	0.002726911	6.304590025	0.002711893	6.237890889	0.002696564	6.171191051	0.002680922	6.104490481	0.002664964	6.037789151	0.002648687
6.862909454	0.003319537	6.791094735	0.003301712	6.719279237	0.003283496	6.647462924	0.003264884	6.575645765	0.003245875	6.503827724	0.003226464
7.354747333	0.003989234	7.277818412	0.003968369	7.200888597	0.003947017	7.123957848	0.003925174	7.047026128	0.003902836	6.970093397	0.003880001
7.846802019	0.004740001	7.764760949	0.004715878	7.682718862	0.004691157	7.600675715	0.004665832	7.518631463	0.004639901	7.436586062	0.004613359
8.339073405	0.00557572	8.251922238	0.00554814	8.164769925	0.005519833	8.077616415	0.005490793	7.99046166	0.005461017	7.90330561	0.005430499
8.831561383	0.00650015	8.739302171	0.006468937	8.647041675	0.006436849	8.55477984	0.00640388	8.462516609	0.006370024	8.370251928	0.006335276
9.324265841	0.007516931	9.226900635	0.007481937	9.129534	0.007445897	9.032165875	0.007408806	8.934796196	0.007370658	8.837424904	0.007331447
9.817186668	0.008629584	9.714717519	0.008590687	9.612246787	0.008550554	9.509774406	0.008509176	9.407300306	0.008466548	9.30482442	0.008422662
10.31032375	0.009841505	10.20275271	0.009798621	10.09517992	0.009754284	9.987605318	0.009708484	9.880028823	0.009661216	9.77245036	0.009612471
10.80367697	0.011155971	10.69100608	0.011109053	10.57833328	0.011060437	10.46565849	0.011010114	10.35298163	0.010958077	10.2403026	0.010904318
11.29724621	0.012576138	11.17947752	0.012525179	11.06170675	0.012472249	10.94393381	0.012417339	10.8261586	0.01236044	10.70838103	0.012301545
11.79103136	0.014105037	11.66816692	0.014050077	11.54530021	0.013992841	11.42243114	0.013933321	11.29955961	0.013871506	11.17668552	0.01380739
12.28503228	0.01574558	12.15707414	0.015686706	12.02911354	0.015625219	11.90115038	0.01556111	11.77318455	0.015494368	11.64521594	0.015424985
12.77924887	0.017500554	12.64619907	0.017437907	12.51314661	0.017372274	12.38009138	0.017303645	12.24703327	0.017232009	12.11397217	0.017157358
13.27368099	0.019372623	13.13554157	0.019306401	12.9973993	0.019236781	12.85925404	0.019163753	12.72110567	0.019087307	12.58295407	0.019007433
13.76832853	0.02136433	13.62510154	0.021294789	13.48187147	0.021221399	13.33863821	0.021144149	13.1954016	0.021063029	13.05216153	0.020978028
14.26319135	0.023478091	14.11487883	0.023405553	13.96656301	0.023328672	13.81824377	0.023247435	13.66992094	0.023161833	13.5215944	0.023071855
14.75826934	0.0257162	14.60487332	0.025641054	14.45147378	0.025561025	14.29807058	0.0254761	14.14466356	0.025386269	13.99125256	0.025291521
15.25356235	0.028080825	15.09508488	0.028003533	14.93660366	0.027920769	14.77811852	0.02783252	14.61962931	0.027738775	14.46113586	0.027639526
15.74907027	0.030574013	15.58551338	0.03049511	15.4219525	0.030410095	15.25838745	0.030318956	15.09481807	0.030221682	14.93124418	0.030118265
16.24479296	0.033197681	16.07615868	0.033117783	15.90752017	0.03303108	15.73887724	0.032937558	15.5702297	0.032837209	15.40157737	0.032730023
16.74073029	0.035953624	16.56702067	0.03587343	16.39330655	0.035785679	16.21958775	0.03569036	16.04586406	0.035587463	15.8721353	0.035476982
17.23688214	0.038843511	17.05809919	0.038763804	16.8793115	0.038675731	16.70051884	0.038579281	16.52172102	0.038474443	16.34291782	0.038361212
17.73324836	0.041868882	17.54939413	0.04179054	17.36553487	0.041702958	17.18167038	0.041606125	16.99780043	0.041500035	16.8139248	0.04138468
18.22982883	0.045031156	18.04090534	0.044955148	17.85197655	0.04486896	17.66304223	0.044772584	17.47410215	0.044666013	17.28515609	0.044549242
18.72662341	0.04833162	18.53263268	0.048259014	18.33863638	0.04817522	18.14463425	0.04808023	17.95062605	0.04797404	17.75661155	0.047856645
19.22363198	0.051771437	19.02457604	0.051703404	18.82551423	0.051623101	18.6264463	0.051530523	18.42737198	0.051425667	18.22829103	0.051308531
19.7208544	0.055351642	19.51673526	0.055289457	19.31260997	0.055213846	19.10847824	0.055124805	18.9043398	0.055022331	18.7001944	0.054906428
20.21829053	0.059073142	20.00911022	0.059018191	19.79992345	0.058948578	19.59072993	0.0588643	19.38152937	0.058765359	19.17232151	0.058651759
20.71594025	0.062936716	20.50170078	0.062890498	20.28745454	0.0628283	20.07320123	0.06275012	19.85894055	0.062655962	19.64467221	0.062545835
21.21380342	0.066943014	20.99450681	0.066907147	20.77520311	0.066853893	20.55589201	0.066783254	20.33657319	0.066695239	20.11724636	0.066589859
21.71187992	0.07109256	21.48752817	0.07106878	21.26316901	0.071026118	21.03880211	0.070964579	20.81442715	0.070884175	20.59004381	0.07078492
22.21016961	0.075385745	21.98076473	0.075375916	21.75135211	0.075345615	21.52193141	0.075294851	21.29250229	0.07522364	21.06306441	0.075132001
22.70867236	0.079822834	22.47421636	0.079828947	22.23975228	0.0798129	22.00527976	0.079774709	21.77079847	0.079714391	21.53630804	0.079631972
23.20738805	0.084403961	22.96788292	0.084428139	22.72836937	0.08442837	22.48884703	0.084404672	22.24931554	0.08435707	22.00977453	0.084285591
23.70631655	0.089129129	23.46176429	0.089173634	23.21720326	0.089192298	22.97263308	0.089185144	22.72805337	0.089152202	22.48346374	0.089093507
24.20545773	0.093998211	23.95586033	0.094065445	23.70625381	0.094104833	23.45663777	0.094116406	23.20701182	0.094100199	22.95737554	0.094056253
24.70481146	0.099010952	24.45017092	0.099103459	24.19552089	0.099166004	23.94086097	0.099198622	23.68619074	0.099201356	23.43150977	0.099174255
25.20437763	0.104167024	24.94469593	0.104287497	24.68500437	0.104375772	24.42530254	0.104431893	24.16558999	0.104455909	23.9058663	0.104447876
25.70415612	0.109466095	25.43943523	0.109617372	25.17470412	0.109734095	24.90996235	0.109816313	24.64520945	0.109864085	24.38044499	0.109877475
26.20414679	0.114907828	25.9343887	0.115092893	25.66462001	0.115240922	25.39484026	0.115351971	25.12504897	0.115426108	24.85524568	0.115463405
26.70434953	0.120491876	26.42955621	0.120713862	26.15475191	0.120896198	25.87993613	0.12103895	25.60510841	0.121142194	25.33026825	0.121206014
27.20476422	0.126217889	26.92493764	0.126480074	26.64509968	0.12669986	26.36524984	0.126877326	26.08538763	0.127012556	25.80551254	0.127105643
27.70539073	0.132085509	27.42053286	0.132391318	27.1356632	0.132651842	26.85078126	0.13286717	26.5658865	0.133037397	26.28097841	0.133162629
28.20622895	0.138094372	27.91634174	0.138447377	27.62644234	0.138752069	27.33653023	0.139008547	27.04660487	0.139216918	26.75666572	0.1393773
28.70727875	0.144244107	28.41236415	0.144648028	28.11743697	0.145000461	27.82249664	0.145301515	27.52754261	0.145551313	27.23257433	0.145749982
29.20854001	0.150534337	28.90859999	0.150993042	28.60864695	0.151396931	28.30868034	0.151746128	28.00869957	0.152040768	27.70870409	0.152280994
29.71001262	0.15696468	29.40504911	0.157482182	29.10007217	0.157941386	28.79508121	0.158342432	28.49007563	0.158685466	28.18505485	0.158970648
30.21169646	0.163534745	29.9017114	0.164115206	29.59171249	0.164633729	29.2816991	0.165090467	28.97167064	0.165485583	28.66162648	0.165819251
30.7135914	0.170244136	30.39858674	0.170891866	30.08356778	0.171473855	29.76853389	0.171990269	29.45348445	0.172441289	29.13841884	0.172827106
31.21569733	0.177092451	30.89567499	0.177811908	30.57563791	0.178461652	30.25558544	0.179041866	29.93551694	0.179552748	29.61543176	0.179994507
31.71801414	0.184079281	31.39297605	0.184875071	31.06792276	0.185597003	30.74285362	0.186245281	30.41776796	0.186820118	30.09266512	0.187321744
32.2205417	0.19120421	31.89048977	0.192081086	31.5604222	0.192879785	31.23033829	0.193600529	30.90023738	0.194243552	30.57011877	0.194809101
32.7232799	0.198466817	32.38821606	0.199429681	32.0531361	0.200309869	31.71803933	0.201107623	31.38292505	0.201823196	31.04779255	0.202456858
33.22622863	0.205866673	32.88615477	0.206920576	32.54606433	0.207887119	32.20595659	0.208766566	31.86583084	0.209559191	31.52568634	0.210265286
33.72938776	0.213403344	33.38430579	0.214553484	33.03920677	0.215611393	32.69408995	0.216577356	32.3489546	0.217451671	32.00379998	0.218234652
34.23275719	0.221076388	33.88266901	0.222328113	33.53256329	0.223482543	33.18243928	0.224539986	32.83229621	0.225500764	32.48213333	0.226365217
34.73633679	0.228885359	34.38124429	0.230244165	34.02613376	0.231500415	33.67100443	0.232654442	33.31585552	0.233706595	32.96068624	0.234657236
35.24012646	0.236829801	34.88003152	0.238301333	34.51991806	0.239664848	34.15978528	0.240920705	33.79963239	0.242069278	33.43945857	0.243110958
35.74412608	0.244909254	35.37903058	0.246499307	35.01391606	0.247975676	34.6487817	0.249338749	34.28362668	0.250588926	33.91845018	0.251726627
36.24833554	0.253123252	35.87824136	0.254837768	35.50812764	0.256432726	35.13799355	0.257908541	34.76783826	0.259265643	34.39766091	0.260504481
36.75275473	0.26147132	36.37766373	0.263316393	36.00255267	0.265035819	35.62742071	0.266630043	35.25226698	0.268099527	34.87709063	0.269444751
37.25738353	0.26995298	36.87729757	0.27193485	36.49719103	0.27378477	36.11706304	0.275503213	35.73691272	0.277090673	35.35673919	0.278547663
37.76222183	0.278567743	37.37714277	0.280692804	36.99204259	0.282679386	36.6069204	0.284527998	36.22177532	0.286239166	35.83660644	0.287813437
38.26726953	0.287315119	37.8771992	0.28958991	37.48710722	0.291719471	37.09699268	0.293704343	36.70685466	0.295545088	36.31669224	0.297242288
38.77252652	0.296194606	38.37746676	0.298625819	37.98238482	0.30090482	37.58727974	0.303032185	37.19215059	0.305008514	36.79699645	0.306834425
39.27799267	0.305205699	38.87794533	0.307800175	38.47787524	0.310235222	38.07778144	0.312511456	37.67766298	0.314629513	37.27751891	0.316590048
39.78366789	0.314347887	39.37863479	0.317112615	38.97357837	0.319710463	38.56849766	0.322142082	38.16339169	0.324408147	37.75825949	0.326509357
40.28955207	0.323620648	39.87953502	0.326562772	39.46949409	0.329330318	39.05942827	0.33192398	38.64933659	0.334344474	38.23921803	0.33659254
40.79564509	0.333023459	40.38064592	0.336150268	39.96562227	0.339094559	39.55057314	0.341857065	39.13549753	0.344438545	38.7203944	0.346839783
41.30194686	0.342555788	40.88196735	0.345874724	40.46196279	0.34900295	40.04193214	0.351941243	39.62187437	0.354690405	39.20178845	0.357251266
41.80845726	0.352217095	41.38349923	0.355735751	40.95851554	0.35905525	40.53350514	0.362176414	40.10846699	0.365100093	39.68340004	0.36782716
42.31517619	0.362006836	41.88524142	0.365732955	41.45528038	0.369251211	41.02529201	0.372562474	40.59527524	0.375667641	40.16522901	0.378567634
42.82210354	0.371924458	42.38719381	0.375865934	41.9522572	0.379590579	41.51729262	0.383099311	41.08229899	0.386393077	40.64727522	0.389472849
43.32923921	0.381969405	42.8893563	0.386134282	42.44944588	0.390073094	42.00950685	0.393786807	41.5695381	0.397276421	41.12953854	0.400542961
43.8365831	0.392141111	43.39172878	0.396537586	42.9468463	0.400698488	42.50193457	0.404624838	42.05699244	0.408317689	41.61201881	0.411778118
44.34413509	0.402439005	43.89431112	0.407075424	43.44445834	0.411466488	42.99457564	0.415613275	42.54466187	0.419516888	42.09471589	0.423178465
44.8518951	0.41286251	44.39710322	0.41774737	43.94228189	0.422376817	43.48742995	0.42675198	43.03254625	0.430874023	42.57762963	0.434744139
45.35986301	0.42341104	44.90010497	0.428552993	44.44031681	0.433429187	43.98049736	0.438040812	43.52064545	0.442389089	43.0607599	0.446475272
45.86803872	0.434084006	45.40331626	0.439491851	44.938563	0.444623307	44.47377775	0.449479621	44.00895933	0.454062077	43.54410654	0.45837199
46.37642213	0.444880808	45.90673698	0.4505635	45.43702034	0.455958878	44.96727099	0.461068253	44.49748776	0.465892972	44.02766941	0.470434412
46.88501315	0.455800845	46.41036703	0.461767487	45.9356887	0.467435596	45.46097697	0.472806548	44.9862306	0.477881752	44.51144838	0.482662653
47.39381166	0.466843504	46.91420628	0.473103353	46.43456798	0.47905315	45.95489554	0.484694337	45.47518772	0.490028389	44.99544329	0.49505682
47.90281758	0.478008168	47.41825464	0.484570634	46.93365806	0.490811224	46.44902659	0.496731447	45.96435898	0.50233285	45.479654	0.507617016
48.4120308	0.489294214	47.92251201	0.496168857	47.43295882	0.502709492	46.94336999	0.508917699	46.45374426	0.514795095	45.96408036	0.520343337
48.92145123	0.500701012	48.42697826	0.507897544	47.93247015	0.514747625	47.43792562	0.521252906	46.94334341	0.527415079	46.44872224	0.533235872
49.43107876	0.512227923	48.9316533	0.519756211	48.43219192	0.526925287	47.93269335	0.533736877	47.4331563	0.540192748	46.93357949	0.546294706
49.94091331	0.523874306	49.43653703	0.531744367	48.93212404	0.539242136	48.42767306	0.546369414	47.92318281	0.553128046	47.41865196	0.559519917
50.45095477	0.535639508	49.94162933	0.543861515	49.43226638	0.551697821	48.92286463	0.559150311	48.41342279	0.566220907	47.90393952	0.572911577
50.96120305	0.547522874	50.4469301	0.556107149	49.93261883	0.564291989	49.41826794	0.572079357	48.90387611	0.579471262	48.38944202	0.586469752
51.47165806	0.559523739	50.95243924	0.568480759	50.43318128	0.577024276	49.91388286	0.585156337	49.39454265	0.592879033	48.87515932	0.600194503
51.98231969	0.571641435	51.45815665	0.580981829	50.93395362	0.589894315	50.40970926	0.598381025	49.88542226	0.606444139	49.36109128	0.614085883
52.49318786	0.583875283	51.96408223	0.593609835	51.43493573	0.602901732	50.90574704	0.611753194	50.37651483	0.620166491	49.84723775	0.62814394
53.00426248	0.596224601	52.47021586	0.606364247	51.9361275	0.616046144	51.40199607	0.625272606	50.86782021	0.634045994	50.33359859	0.642368717
53.51554345	0.608688698	52.97655746	0.619244528	52.43752883	0.629327166	51.89845622	0.638939021	51.35933828	0.648082547	50.82017366	0.65676025
54.02703067	0.621266878	53.48310692	0.632250134	52.9391396	0.642744403	52.39512738	0.652752188	51.8510689	0.662276042	51.30696281	0.671318569
54.53872407	0.633958437	53.98986414	0.645380517	53.4409597	0.656297455	52.89200943	0.666711854	52.34301195	0.676626367	51.79396592	0.686043698
55.05062354	0.646762666	54.49682902	0.65863512	53.94298903	0.669985916	53.38910224	0.680817758	52.8351673	0.691133401	52.28118283	0.700935654
55.56272901	0.659678848	55.00400146	0.67201338	54.44522748	0.683809373	53.88640571	0.695069633	53.32753481	0.70579702	52.7686134	0.71599445
56.07504037	0.672706258	55.51138137	0.685514728	54.94767493	0.697767405	54.38391971	0.709467204	53.82011436	0.720617091	53.2562575	0.731220092
56.58755755	0.685844168	56.01896865	0.699138588	55.45033128	0.711859588	54.88164412	0.724010192	54.31290582	0.735593477	53.74411499	0.746612579
57.10028045	0.699091841	56.52676319	0.712884378	55.95319643	0.72608549	55.37957884	0.738698311	54.80590905	0.750726033	54.23218572	0.762171906
57.61320898	0.712448532	57.03476492	0.726751508	56.45627027	0.740444671	55.87772373	0.753531268	55.29912394	0.766014609	54.72046955	0.77789806
58.12634307	0.725913493	57.54297372	0.740739384	56.95955269	0.754936686	56.37607868	0.768508765	55.79255035	0.781459048	55.20896635	0.793791022
58.63968263	0.739485965	58.0513895	0.754847403	57.46304359	0.769561084	56.87464359	0.783630496	56.28618816	0.797059187	55.69767597	0.809850769
59.15322756	0.753165187	58.56001218	0.769074956	57.96674286	0.784317407	57.37341833	0.79889615	56.78003725	0.812814858	56.18659828	0.826077269
59.6669778	0.766950387	59.06884165	0.783421428	58.47065041	0.79920519	57.87240278	0.814305409	57.27409747	0.828725886	56.67573314	0.842470486
60.18093324	0.780840789	59.57787783	0.797886197	58.97476612	0.814223963	58.37159685	0.829857949	57.76836872	0.844792088	57.16508041	0.859030378
60.69509381	0.794835608	60.08712061	0.812468636	59.47908989	0.829373247	58.8710004	0.84555344	58.26285085	0.861013278	57.65463996	0.875756895
61.20945944	0.808934056	60.59656992	0.827168108	59.98362163	0.84465256	59.37061333	0.861391544	58.75754376	0.877389261	58.14441163	0.892649983
61.72403003	0.823135334	61.10622566	0.841983972	60.48836123	0.86006141	59.87043553	0.877371919	59.25244731	0.893919838	58.63439531	0.90970958
62.2388055	0.837438638	61.61608773	0.85691558	60.99330859	0.875599301	60.37046688	0.893494214	59.74756138	0.910604802	59.12459085	0.92693562
62.75378578	0.851843159	62.12615605	0.871962277	61.4984636	0.89126573	60.87070727	0.909758075	60.24288585	0.92744394	59.61499811	0.944328029
63.26897079	0.866348079	62.63643054	0.887123402	62.00382619	0.907060187	61.37115659	0.926163138	60.73842059	0.944437034	60.10561696	0.961886729
63.78436044	0.880952574	63.14691109	0.902398286	62.50939623	0.922982155	61.87181474	0.942709035	61.23416548	0.961583859	60.59644727	0.979611632
64.29995467	0.895655813	63.65759763	0.917786254	63.01517363	0.939031111	62.3726816	0.959395392	61.7301204	0.978884183	61.08748889	0.997502649
64.81575338	0.910456958	64.16849007	0.933286626	63.52115831	0.955206527	62.87375705	0.976221826	62.22628522	0.996337768	61.5787417	1.01555968
65.33175651	0.925355166	64.67958831	0.948898713	64.02735015	0.971507866	63.37504101	0.993187949	62.72265984	1.013944372	62.07020555	1.033782622
65.84796398	0.940349585	65.19089228	0.964621821	64.53374906	0.987934586	63.87653335	1.010293369	63.21924412	1.031703743	62.56188032	1.052171366
66.36437572	0.955439358	65.7024019	0.980455249	65.04035496	1.004486138	64.37823396	1.027537683	63.71603794	1.049615626	63.05376587	1.070725794
66.88099164	0.970623619	66.21411707	0.996398287	65.54716773	1.021161966	64.88014275	1.044920485	64.21304119	1.067679757	63.54586207	1.089445784
67.39781168	0.985901497	66.72603771	1.012450223	66.0541873	1.03796151	65.38225961	1.062441362	64.71025375	1.085895868	64.03816879	1.108331208
67.91483576	1.001272115	67.23816374	1.028610334	66.56141356	1.054884199	65.88458442	1.080099893	65.20767549	1.104263684	64.53068588	1.127381931
68.4320638	1.016734587	67.75049508	1.044877892	67.06884642	1.07192946	66.38711709	1.097895653	65.70530631	1.122782922	65.02341323	1.146597813
68.94949575	1.032288021	68.26303164	1.061252164	67.57648579	1.08909671	66.88985752	1.115828208	66.20314608	1.141453295	65.5163507	1.165978705
69.46713152	1.047931519	68.77577336	1.077732407	68.08433158	1.106385362	67.39280559	1.13389712	66.70119469	1.160274509	66.00949816	1.185524454
69.98497105	1.063664176	69.28872013	1.094317874	68.5923837	1.12379482	67.8959612	1.152101942	67.19945202	1.179246263	66.50285548	1.205234902
70.50301427	1.079485079	69.80187189	1.11100781	69.10064205	1.141324484	68.39932425	1.170442224	67.69791795	1.198368251	66.99642252	1.225109883
71.0212611	1.095393309	70.31522856	1.127801454	69.60910655	1.158973745	68.90289465	1.188917506	68.19659237	1.217640158	67.49019916	1.245149224
71.53971148	1.11138794	70.82879006	1.144698037	70.11777711	1.17674199	69.40667229	1.207527324	68.69547517	1.237061667	67.98418528	1.265352747
72.05836534	1.127468041	71.34255631	1.161696786	70.62665364	1.194628596	69.91065706	1.226271206	69.19456623	1.25663245	68.47838073	1.285720269
72.57722261	1.14363267	71.85652724	1.178796918	71.13573605	1.212632937	70.41484887	1.245148674	69.69386543	1.276352176	68.9727854	1.306251598
73.09628323	1.159880882	72.37070277	1.195997645	71.64502426	1.230754378	70.91924763	1.264159244	70.19337268	1.296220506	69.46739916	1.326946538
73.61554713	1.176211724	72.88508282	1.213298172	72.15451818	1.248992279	71.42385322	1.283302425	70.69308784	1.316237096	69.96222188	1.347804885
74.13501424	1.192624235	73.39966732	1.230697698	72.66421772	1.267345992	71.92866556	1.302577721	71.19301082	1.336401593	70.45725342	1.368826432
74.65468451	1.20911745	73.91445619	1.248195414	73.1741228	1.285814863	72.43368454	1.321984626	71.6931415	1.356713642	70.95249368	1.390010961
75.17455787	1.225690393	74.42944937	1.265790506	73.68423334	1.304398232	72.93891008	1.341522632	72.19347977	1.377172876	71.44794252	1.411358251
75.69463424	1.242342084	74.94464678	1.283482151	74.19454925	1.323095431	73.44434207	1.361191221	72.69402552	1.397778927	71.94359981	1.432868075
76.21491358	1.259071537	75.46004835	1.301269521	74.70507045	1.341905786	73.94998042	1.38098987	73.19477865	1.418531418	72.43946544	1.454540198
76.73539582	1.275877756	75.97565401	1.319151781	75.21579685	1.360828618	74.45582503	1.400918049	73.69573904	1.439429965	72.93553928	1.47637438
77.2560809	1.29275974	76.49146368	1.337128088	75.72672839	1.379863239	74.96187582	1.420975222	74.19690658	1.460474179	73.43182121	1.498370373
77.77696876	1.309716481	77.00747731	1.355197593	76.23786496	1.399008954	75.46813268	1.441160846	74.69828118	1.481663663	73.9283111	1.520527925
78.29805934	1.326746965	77.52369481	1.373359442	76.74920651	1.418265065	75.97459553	1.461474373	75.19986272	1.502998017	74.42500883	1.542846776
78.81935257	1.343850168	78.04011612	1.391612771	77.26075294	1.437630863	76.48126427	1.481915246	75.70165109	1.524476831	74.92191428	1.565326661
79.34084841	1.361025064	78.55674118	1.409956712	77.77250419	1.457105636	76.98813882	1.502482902	76.2036462	1.54609969	75.41902733	1.587967309
79.86254678	1.378270614	79.07356991	1.428390388	78.28446016	1.476688662	77.49521908	1.523176774	76.70584794	1.567866172	75.91634787	1.610768439
80.38444765	1.395585778	79.59060226	1.446912918	78.79662079	1.496379216	78.00250497	1.543996285	77.2082562	1.58977585	76.41387577	1.633729769
80.90655094	1.412969506	80.10783815	1.46552341	79.308986	1.516176562	78.50999639	1.564940854	77.71087088	1.611828289	76.9116109	1.656851008
81.42885661	1.43042074	80.62527752	1.48422097	79.82155571	1.536079961	79.01769326	1.586009893	78.21369188	1.634023049	77.40955317	1.680131857
81.95136459	1.447938418	81.1429203	1.503004693	80.33432985	1.556088666	79.52559549	1.607202805	78.7167191	1.656359682	77.90770244	1.703572015
82.47407484	1.465521469	81.66076644	1.521873671	80.84730834	1.576201924	80.03370299	1.62851899	79.21995244	1.678837735	78.4060586	1.72717117
82.99698729	1.483168817	82.17881587	1.540826986	81.36049112	1.596418973	80.54201568	1.649957839	79.7233918	1.701456747	78.90462153	1.750929008
83.5201019	1.500879376	82.69706853	1.559863714	81.8738781	1.616739046	81.05053348	1.671518737	80.22703707	1.724216252	79.40339112	1.774845205
84.04341861	1.518652056	83.21552436	1.578982926	82.38746922	1.637161371	81.55925629	1.693201064	80.73088816	1.747115777	79.90236726	1.798919434
84.56693737	1.536485759	83.7341833	1.598183684	82.90126441	1.657685166	82.06818404	1.715004191	81.23494497	1.770154843	80.40154983	1.823151358
85.09065813	1.554379379	84.25304528	1.617465045	83.4152636	1.678309644	82.57731664	1.736927484	81.73920741	1.793332963	80.90093871	1.847540636
85.61458084	1.572331804	84.77211025	1.636826056	83.92946671	1.699034012	83.08665401	1.758970302	82.24367537	1.816649646	81.40053379	1.872086922
86.13870545	1.590341917	85.29137815	1.656265761	84.44387368	1.719857468	83.59619607	1.781131997	82.74834877	1.840104392	81.90033497	1.896789859
86.6630319	1.608408589	85.81084892	1.675783196	84.95848443	1.740779206	84.10594274	1.803411914	83.2532275	1.863696696	82.40034213	1.921649089
87.18756015	1.62653069	86.3305225	1.695377388	85.47329892	1.761798411	84.61589394	1.825809394	83.75831147	1.887426047	82.90055515	1.946664244
87.71229015	1.644707078	86.85039885	1.715047359	85.98831705	1.782914262	85.12604959	1.848323768	84.2636006	1.911291925	83.40097394	1.971834951
88.23722185	1.662936607	87.3704779	1.734792125	86.50353878	1.804125933	85.63640961	1.870954362	84.76909477	1.935293806	83.90159837	1.997160831
88.7623552	1.681218122	87.89075959	1.754610692	87.01896403	1.825432588	86.14697393	1.893700495	85.27479392	1.95943116	84.40242835	2.022641496
89.28769016	1.699550464	88.41124388	1.774502064	87.53459275	1.846833388	86.65774246	1.916561481	85.78069793	1.983703447	84.90346375	2.048276556
89.81322668	1.717932464	88.9319307	1.794465233	88.05042486	1.868327483	87.16871514	1.939536625	86.28680673	2.008110124	85.40470449	2.074065612
90.33896471	1.736362947	89.45282002	1.814499187	88.5664603	1.889914019	87.67989188	1.962625227	86.79312022	2.032650639	85.90615044	2.100008257
90.86490421	1.754840731	89.97391177	1.834602906	89.08269902	1.911592135	88.19127262	1.985826579	87.29963832	2.057324436	86.40780151	2.126104081
91.39104514	1.773364627	90.4952059	1.854775365	89.59914095	1.933360964	88.70285727	2.009139967	87.80636093	2.082130951	86.90965759	2.152352666
91.91738744	1.791933439	91.01670236	1.875015529	90.11578603	1.955219629	89.21464577	2.032564671	88.31328797	2.107069613	87.41171858	2.178753587
92.44393109	1.810545965	91.5384011	1.895322359	90.6326342	1.977167251	89.72663805	2.056099964	88.82041935	2.132139845	87.91398437	2.205306413
92.97067602	1.829200994	92.06030207	1.915694808	91.1496854	1.999202939	90.23883402	2.079745111	89.32775498	2.157341063	88.41645485	2.232010708
93.49762221	1.847897309	92.58240523	1.93613182	91.66693957	2.021325799	90.75123363	2.103499373	89.83529479	2.182672679	88.91912994	2.258866028
94.0247696	1.866633686	93.10471051	1.956632337	92.18439666	2.043534929	91.2638368	2.127362001	90.34303869	2.208134094	89.42200952	2.285871922
94.55211816	1.885408894	93.62721789	1.977195289	92.70205661	2.06582942	91.77664347	2.151332243	90.85098659	2.233724707	89.9250935	2.313027934
95.07966784	1.904221694	94.1499273	1.997819601	93.21991936	2.088208356	92.28965356	2.175409337	91.35913841	2.259443906	90.42838178	2.340333602
95.60741861	1.923070841	94.6728387	2.018504193	93.73798485	2.110670816	92.80286701	2.199592516	91.86749407	2.285291077	90.93187425	2.367788455
96.13537043	1.941955083	95.19595205	2.039247974	94.25625304	2.133215869	93.31628376	2.223881006	92.37605348	2.311265596	91.43557083	2.395392019
96.66352325	1.960873161	95.7192673	2.060049851	94.77472386	2.15584258	93.82990373	2.248274027	92.88481658	2.337366833	91.93947141	2.42314381
97.19187703	1.979823807	96.24278441	2.080908719	95.29339727	2.178550006	94.34372686	2.272770791	93.39378328	2.363594153	92.4435759	2.451043341
97.72043174	1.998805749	96.76650332	2.10182347	95.81227321	2.201337197	94.85775309	2.297370504	93.9029535	2.389946914	92.94788421	2.479090115
98.24918735	2.017817705	97.29042401	2.122792987	96.33135163	2.224203197	95.37198235	2.322072365	94.41232716	2.416424465	93.45239623	2.507283631
98.7781438	2.036858388	97.81454642	2.143816146	96.85063247	2.247147042	95.88641459	2.346875568	94.92190419	2.443026151	93.95711187	2.535623381
99.30730106	2.055926503	98.33887051	2.164891818	97.3701157	2.270167762	96.40104973	2.371779297	95.4316845	2.469751311	94.46203105	2.564108851
99.8366591	2.075020747	98.86339625	2.186018864	97.88980125	2.29326438	96.91588773	2.396782731	95.94166804	2.496599274	94.96715367	2.592739518
100.3662179	2.094139812	99.38812358	2.20719614	98.40968909	2.316435912	97.43092851	2.421885044	96.45185472	2.523569366	95.47247963	2.621514857
100.8959774	2.113282382	99.91305248	2.228422495	98.92977915	2.339681366	97.94617203	2.4470854	96.96224446	2.550660903	95.97800885	2.650434332
101.4259375	2.132447133	100.4381829	2.24969677	99.4500714	2.362999747	98.46161821	2.472382959	97.4728372	2.577873198	96.48374125	2.679497402
101.9560983	2.151632735	100.9635148	2.271017801	99.97056579	2.386390048	98.97726701	2.497776872	97.98363286	2.605205555	96.98967672	2.708703522
102.4864597	2.170837849	101.4890481	2.292384414	100.4912623	2.409851259	99.49311837	2.523266285	98.49463138	2.632657272	97.49581519	2.738052137
103.0170216	2.190061132	102.0147829	2.31379543	101.0121608	2.433382361	100.0091722	2.548850336	99.00583268	2.660227639	98.00215656	2.767542687
103.5477841	2.209301232	102.540719	2.335249662	101.5332613	2.456982328	100.5254285	2.574528158	99.51723669	2.687915943	98.50870075	2.797174605
104.0787471	2.228556788	103.0668564	2.356745918	102.0545638	2.48065013	101.0418872	2.600298875	100.0288434	2.71572146	99.01544768	2.826947318
104.6099105	2.247826437	103.5931951	2.378282997	102.5760682	2.504384726	101.5585482	2.626161605	100.5406526	2.743643462	99.52239725	2.856860247
105.1412744	2.267108803	104.1197351	2.399859691	103.0977744	2.528185072	102.0754116	2.652115461	101.0526643	2.771681214	100.0295494	2.886912805
105.6728386	2.286402506	104.6464763	2.421474786	103.6196825	2.552050113	102.5924771	2.678159546	101.5648785	2.799833974	100.536904	2.9171044
106.2046032	2.305706159	105.1734187	2.44312706	104.1417924	2.575978791	103.1097448	2.704292959	102.0772951	2.828100993	101.0444611	2.947434432
106.7365682	2.325018367	105.7005623	2.464815285	104.664104	2.599970039	103.6272147	2.730514791	102.589914	2.856481516	101.5522204	2.977902295
107.2687334	2.344337728	106.2279069	2.486538224	105.1866173	2.624022783	104.1448866	2.756824126	103.1027352	2.884974781	102.060182	3.008507377
107.8010989	2.363662832	106.7554527	2.508294636	105.7093323	2.648135943	104.6627606	2.783220041	103.6157585	2.913580019	102.5683458	3.039249059
108.3336647	2.382992264	107.2831994	2.53008327	106.232249	2.67230843	105.1808365	2.809701608	104.128984	2.942296455	103.0767116	3.070126715
108.8664306	2.4023246	107.8111473	2.551902869	106.7553672	2.696539152	105.6991144	2.83626789	104.6424115	2.971123307	103.5852795	3.101139713
109.3993967	2.421658408	108.3392961	2.57375217	107.2786869	2.720827006	106.2175942	2.862917945	105.1560411	3.000059786	104.0940493	3.132287415
109.932563	2.440992251	108.8676458	2.595629901	107.8022082	2.745170885	106.7362758	2.889650822	105.6698726	3.029105097	104.6030209	3.163569174
110.4659294	2.460324684	109.3961965	2.617534785	108.325931	2.769569673	107.2551592	2.916465565	106.183906	3.058258438	105.1121943	3.194984341
110.9994958	2.479654253	109.924948	2.639465536	108.8498552	2.794022247	107.7742444	2.943361211	106.6981412	3.087518999	105.6215695	3.226532255
111.5332624	2.498979501	110.4539005	2.661420861	109.3739808	2.818527479	108.2935313	2.970336789	107.2125782	3.116885966	106.1311463	3.258212252
112.0672289	2.518298959	110.9830537	2.683399463	109.8983078	2.843084233	108.8130199	2.997391322	107.727217	3.146358515	106.6409246	3.29002366
112.6013954	2.537611153	111.5124078	2.705400033	110.4228361	2.867691365	109.33271	3.024523826	108.2420574	3.175935819	107.1509045	3.321965801
113.1357619	2.556914603	112.0419626	2.727421258	110.9475658	2.892347725	109.8526018	3.051733311	108.7570994	3.205617041	107.6610857	3.35403799
113.6703283	2.576207819	112.5717182	2.749461818	111.4724967	2.917052157	110.3726951	3.079018779	109.272343	3.235401338	108.1714683	3.386239536
114.2050947	2.595489305	113.1016745	2.771520385	111.9976289	2.941803496	110.8929899	3.106379225	109.7877881	3.265287862	108.6820523	3.41856974
114.7400609	2.614757559	113.6318315	2.793595624	112.5229623	2.96660057	111.4134862	3.133813638	110.3034347	3.295275757	109.1928374	3.451027898
115.2752269	2.634011069	114.1621892	2.815686193	113.0484968	2.991442203	111.9341839	3.161320999	110.8192827	3.325364159	109.7038237	3.483613298
115.8105928	2.653248319	114.6927475	2.837790742	113.5742325	3.016327209	112.455083	3.188900284	111.335332	3.3555522	110.2150111	3.516325223
116.3461584	2.672467783	115.2235064	2.859907915	114.1001694	3.041254395	112.9761834	3.21655046	111.8515827	3.385839003	110.7263995	3.549162948
116.8819238	2.691667928	115.7544659	2.882036349	114.6263073	3.066222564	113.4974852	3.244270488	112.3680346	3.416223685	111.2379889	3.582125742
117.417889	2.710847216	116.2856259	2.904174672	115.1526463	3.091230507	114.0189883	3.272059323	112.8846878	3.446705357	111.7497792	3.615212866
117.9540538	2.730004099	116.8169865	2.926321508	115.6791864	3.116277013	114.5406926	3.299915911	113.4015421	3.477283121	112.2617703	3.648423576
118.4904183	2.749137024	117.3485476	2.94847547	116.2059275	3.141360861	115.0625981	3.327839194	113.9185976	3.507956075	112.7739622	3.681757121
119.0269825	2.768244428	117.8803092	2.970635167	116.7328695	3.166480824	115.5847048	3.355828104	114.4358541	3.538723308	113.2863549	3.715212743
119.5637463	2.787324742	118.4122712	2.9927992	117.2600125	3.191635667	116.1070126	3.383881568	114.9533117	3.569583903	113.7989482	3.748789678
120.1007097	2.806376392	118.9444337	3.014966161	117.7873565	3.216824149	116.6295216	3.411998506	115.4709703	3.600536938	114.3117421	3.782487154
120.6378726	2.825397792	119.4767965	3.037134638	118.3149013	3.242045022	117.1522317	3.440177829	115.9888299	3.63158148	114.8247365	3.816304393
121.1752351	2.844387353	120.0093598	3.059303209	118.8426471	3.267297031	117.6751428	3.468418445	116.5068904	3.662716593	115.3379315	3.850240612
121.712797	2.863343475	120.5421234	3.081470446	119.3705937	3.292578911	118.1982549	3.496719251	117.0251518	3.693941334	115.8513269	3.884295017
122.2505585	2.882264554	121.0750873	3.103634914	119.8987411	3.317889395	118.7215681	3.52507914	117.543614	3.72525475	116.3649227	3.918466812
122.7885194	2.901148977	121.6082516	3.12579517	120.4270894	3.343227205	119.2450822	3.553496996	118.062277	3.756655883	116.8787188	3.952755192
123.3266797	2.919995122	122.1416162	3.147949764	120.9556385	3.368591058	119.7687972	3.581971698	118.5811408	3.788143771	117.3927152	3.987159346
123.8650394	2.938801364	122.675181	3.17009724	121.4843883	3.393979662	120.2927132	3.610502116	119.1002053	3.81971744	117.9069119	4.021678454
124.4035984	2.957566066	123.2089461	3.192236133	122.0133389	3.419391719	120.8168301	3.639087114	119.6194705	3.851375913	118.4213087	4.056311694
124.9423568	2.976287586	123.7429114	3.214364971	122.5424902	3.444825925	121.3411479	3.667725549	120.1389364	3.883118205	118.9359057	4.091058232
125.4813144	2.994964274	124.2770769	3.236482277	123.0718423	3.470280968	121.8656664	3.696416271	120.6586029	3.914943323	119.4507028	4.125917232
126.0204714	3.013594473	124.8114426	3.258586563	123.601395	3.495755527	122.3903859	3.725158124	121.17847	3.946850269	119.9656999	4.160887847
126.5598276	3.032176519	125.3460084	3.280676337	124.1311484	3.521248277	122.9153061	3.753949943	121.6985377	3.978838037	120.480897	4.195969227
127.099383	3.050708739	125.8807744	3.302750098	124.6611024	3.546757884	123.4404271	3.782790557	122.2188059	4.010905614	120.9962941	4.231160512
127.6391375	3.069189454	126.4157405	3.324806339	125.1912571	3.572283007	123.9657488	3.811678789	122.7392746	4.043051982	121.5118911	4.266460838
128.1790912	3.087616978	126.9509067	3.346843544	125.7216124	3.597822299	124.4912713	3.840613453	123.2599438	4.075276113	122.0276879	4.301869333
128.7192441	3.105989615	127.486273	3.368860192	126.2521683	3.623374404	125.0169945	3.869593358	123.7808135	4.107576975	122.5436846	4.337385117
129.259596	3.124305664	128.0218393	3.390854751	126.7829247	3.648937961	125.5429184	3.898617305	124.3018835	4.139953527	123.0598811	4.373007306
129.800147	3.142563415	128.5576057	3.412825687	127.3138818	3.674511599	126.0690429	3.927684087	124.823154	4.172404723	123.5762773	4.408735008
130.340897	3.160761153	129.093572	3.434771453	127.8450394	3.700093944	126.5953681	3.956792492	125.3446248	4.204929508	124.0928732	4.444567322
130.881846	3.178897153	129.6297384	3.456690499	128.3763975	3.725683611	127.121894	3.9859413	125.866296	4.237526822	124.6096688	4.480503345
131.4229939	3.196969684	130.1661047	3.478581266	128.9079561	3.751279209	127.6486205	4.015129283	126.3881675	4.270195598	125.126664	4.516542162
131.9643408	3.214977006	130.702671	3.500442188	129.4397152	3.776879341	128.1755475	4.044355207	126.9102393	4.30293476	125.6438589	4.552682855
132.5058865	3.232917373	131.2394372	3.522271691	129.9716748	3.802482601	128.7026752	4.073617831	127.4325113	4.335743227	126.1612532	4.588924498
133.0476311	3.250789031	131.7764033	3.544068194	130.5038349	3.828087578	129.2300035	4.102915908	127.9549836	4.368619911	126.6788472	4.625266157
133.5895746	3.268590218	132.3135693	3.56583011	131.0361954	3.853692851	129.7575323	4.132248181	128.4776562	4.401563717	127.1966406	4.661706894
134.1317168	3.286319166	132.8509352	3.587555842	131.5687564	3.879296994	130.2852616	4.161613389	129.0005289	4.434573541	127.7146335	4.698245761
134.6740578	3.303974098	133.3885009	3.609243788	132.1015178	3.904898573	130.8131915	4.191010261	129.5236019	4.467648275	128.2328258	4.734881805
135.2165975	3.32155323	133.9262664	3.630892337	132.6344796	3.930496148	131.3413219	4.220437522	130.046875	4.500786803	128.7512175	4.771614067
135.7593358	3.33905477	134.4642317	3.652499872	133.1676417	3.956088269	131.8696528	4.249893887	130.5703483	4.533988002	129.2698086	4.808441578
136.3022729	3.35647692	135.0023968	3.674064768	133.7010043	3.981673481	132.3981842	4.279378067	131.0940217	4.56725074	129.7885991	4.845363366
136.8454085	3.373817873	135.5407616	3.695585392	134.2345673	4.007250322	132.926916	4.308888763	131.6178952	4.600573883	130.3075889	4.88237845
137.3887427	3.391075814	136.0793262	3.717060105	134.7683306	4.032817321	133.4558484	4.338424671	132.1419689	4.633956284	130.826778	4.919485842
137.9322754	3.408248923	136.6180905	3.73848726	135.3022942	4.058373002	133.9849812	4.367984479	132.6662426	4.667396794	131.3461663	4.956684548
138.4760066	3.42533537	137.1570545	3.759865202	135.8364582	4.083915879	134.5143145	4.397566866	133.1907164	4.700894254	131.8657539	4.993973567
139.0199363	3.442333318	137.6962182	3.781192268	136.3708225	4.109444461	135.0438482	4.427170509	133.7153903	4.7344475	132.3855408	5.031351891
139.5640644	3.459240924	138.2355815	3.802466791	136.9053871	4.134957248	135.5735823	4.456794072	134.2402642	4.76805536	132.9055268	5.068818504
140.1083908	3.476056334	138.7751444	3.823687092	137.440152	4.160452736	136.1035169	4.486436216	134.7653382	4.801716654	133.425712	5.106372387
140.6529156	3.49277769	139.3149069	3.844851488	137.9751172	4.185929409	136.6336518	4.516095593	135.2906122	4.835430197	133.9460964	5.144012509
141.1976386	3.509403125	139.854869	3.865958286	138.5102827	4.211385748	137.1639872	4.545770848	135.8160862	4.869194796	134.4666799	5.181737835
141.7425599	3.525930765	140.3950307	3.887005789	139.0456484	4.236820224	137.694523	4.57546062	136.3417603	4.90300925	134.9874626	5.219547323
142.2876794	3.542358726	140.9353918	3.907992289	139.5812144	4.262231301	138.2252592	4.60516354	136.8676343	4.936872354	135.5084443	5.257439924
142.8329971	3.558685119	141.4759525	3.928916072	140.1169806	4.287617437	138.7561958	4.634878231	137.3937084	4.970782892	136.0296252	5.295414582
143.3785128	3.574908048	142.0167127	3.949775417	140.6529471	4.312977082	139.2873327	4.66460331	137.9199824	5.004739644	136.5510051	5.333470233
143.9242266	3.591025606	142.5576723	3.970568595	141.1891137	4.338308678	139.8186701	4.694337387	138.4464564	5.038741383	137.0725841	5.371605809
144.4701384	3.607035881	143.0988314	3.99129387	141.7254806	4.363610661	140.3502078	4.724079064	138.9731304	5.072786872	137.5943621	5.409820231
145.0162482	3.622936954	143.6401898	4.011949497	142.2620477	4.388881459	140.8819459	4.753826936	139.5000044	5.10687487	138.1163392	5.448112417
145.5625559	3.638726895	144.1817476	4.032533726	142.7988149	4.414119492	141.4138843	4.783579592	140.0270784	5.141004128	138.6385153	5.486481275
146.1090614	3.654403771	144.7235048	4.053044796	143.3357823	4.439323174	141.9460232	4.813335612	140.5543523	5.175173388	139.1608904	5.524925709
146.6557648	3.669965636	145.2654613	4.073480944	143.8729499	4.46449091	142.4783623	4.843093569	141.0818261	5.20938139	139.6834646	5.563444613
147.2026659	3.685410542	145.8076171	4.093840393	144.4103176	4.489621099	143.0109019	4.872852031	141.6094999	5.243626861	140.2062377	5.602036877
147.7497647	3.700736529	146.3499722	4.114121363	144.9478855	4.514712133	143.5436417	4.902609556	142.1373737	5.277908524	140.7292098	5.640701382
148.2970612	3.715941631	146.8925265	4.134322065	145.4856534	4.539762395	144.076582	4.932364697	142.6654475	5.312225095	141.2523809	5.679437002
148.8445552	3.731023875	147.43528	4.154440703	146.0236215	4.564770262	144.6097226	4.962115997	143.1937212	5.346575283	141.775751	5.718242606
149.3922468	3.745981279	147.9782327	4.174475473	146.5617897	4.589734103	145.1430635	4.991861996	143.7221948	5.380957788	142.29932	5.757117054
149.9401359	3.760811854	148.5213846	4.194424562	147.100158	4.61465228	145.6766048	5.021601222	144.2508684	5.415371306	142.823088	5.7960592
150.4882224	3.775513603	149.0647355	4.214286153	147.6387264	4.639523146	146.2103464	5.0513322	144.779742	5.449814522	143.347055	5.835067892
151.0365062	3.790084522	149.6082856	4.234058419	148.1774949	4.66434505	146.7442884	5.081053445	145.3088155	5.484286118	143.8712209	5.874141968
151.5849874	3.804522598	150.1520347	4.253739525	148.7164634	4.689116329	147.2784307	5.110763465	145.838089	5.518784766	144.3955858	5.913280263
152.1336657	3.818825813	150.6959828	4.27332763	149.2556319	4.713835318	147.8127734	5.140460762	146.3675625	5.553309132	144.9201496	5.952481602
152.6825413	3.832992137	151.2401299	4.292820884	149.7950005	4.738500339	148.3473164	5.170143831	146.897236	5.587857875	145.4449125	5.991744803
153.2316139	3.847019536	151.784476	4.312217431	150.3345691	4.763109711	148.8820598	5.199811156	147.4271094	5.622429646	145.9698742	6.03106868
153.7808836	3.860905967	152.329021	4.331515407	150.8743377	4.787661743	149.4170035	5.22946122	147.9571828	5.65702309	146.495035	6.070452036
154.3303503	3.874649378	152.8737649	4.350712939	151.4143063	4.812154738	149.9521475	5.259092492	148.4874562	5.691636844	147.0203946	6.109893671
154.8800138	3.888247713	153.4187076	4.369808147	151.9544748	4.83658699	150.4874919	5.288703439	149.0179296	5.726269539	147.5459533	6.149392375
155.4298742	3.901698903	153.9638491	4.388799145	152.4948434	4.860956788	151.0230366	5.318292518	149.5486029	5.760919796	148.0717109	6.188946931
155.9799313	3.915000877	154.5091894	4.407684038	153.0354119	4.88526241	151.5587817	5.347858179	150.0794763	5.795586234	148.5976676	6.228556118
156.5301851	3.92815155	155.0547285	4.426460923	153.5761803	4.90950213	152.0947272	5.377398865	150.6105497	5.830267459	149.1238232	6.268218705
157.0806356	3.941148836	155.6004662	4.445127891	154.1171486	4.933674213	152.630873	5.406913012	151.1418232	5.864962073	149.6501777	6.307933454
157.6312825	3.953990635	156.1464026	4.463683023	154.6583169	4.957776917	153.1672191	5.436399049	151.6732966	5.899668672	150.1767313	6.347699123
158.1821259	3.966674843	156.6925376	4.482124395	155.1996851	4.98180849	153.7037656	5.465855395	152.2049701	5.934385842	150.7034839	6.387514459
158.7331657	3.979199347	157.2388711	4.500450073	155.7412531	5.005767177	154.2405124	5.495280466	152.7368437	5.969112163	151.2304355	6.427378204
159.2844017	3.991562027	157.7854032	4.518658117	156.283021	5.029651212	154.7774597	5.524672667	153.2689173	6.003846208	151.7575862	6.467289094
159.835834	4.003760755	158.3321337	4.536746578	156.8249887	5.053458822	155.3146072	5.554030397	153.801191	6.038586542	152.2849359	6.507245855
160.3874624	4.015793394	158.8790627	4.554713501	157.3671563	5.077188229	155.8519551	5.583352048	154.3336648	6.073331725	152.8124846	6.547247209
160.9392868	4.0276578	159.4261901	4.572556923	157.9095236	5.100837644	156.3895034	5.612636004	154.8663387	6.108080308	153.3402324	6.587291869
161.4913071	4.039351822	159.9735158	4.590274871	158.4520908	5.124405272	156.9272521	5.641880642	155.3992127	6.142830833	153.8681792	6.627378542
162.0435233	4.0508733	160.5210398	4.607865367	158.9948577	5.147889312	157.4652011	5.671084331	155.9322868	6.177581839	154.3963252	6.667505927
162.5959353	4.062220067	161.068762	4.625326425	159.5378244	5.171287952	158.0033505	5.700245434	156.465561	6.212331854	154.9246703	6.707672716
163.1485429	4.073389948	161.6166824	4.64265605	160.0809908	5.194599376	158.5417002	5.729362305	156.9990354	6.247079402	155.4532144	6.747877595
163.7013461	4.08438076	162.1648009	4.659852241	160.624357	5.217821758	159.0802503	5.758433292	157.5327099	6.281822997	155.9819578	6.788119241
164.2543448	4.095190311	162.7131176	4.676912987	161.1679228	5.240953266	159.6190008	5.787456734	158.0665846	6.316561147	156.5109002	6.828396326
164.8075388	4.105816404	163.2616322	4.693836271	161.7116883	5.26399206	160.1579517	5.816430965	158.6006595	6.351292352	157.0400419	6.868707514
165.3609281	4.116256832	163.8103448	4.710620068	162.2556534	5.28693629	160.6971029	5.845354308	159.1349347	6.386015106	157.5693827	6.909051462
165.9145126	4.12650938	164.3592553	4.727262346	162.7998182	5.309784103	161.2364546	5.874225081	159.66941	6.420727896	158.0989228	6.949426818
166.4682921	4.136571827	164.9083637	4.743761063	163.3441825	5.332533636	161.7760065	5.903041596	160.2040855	6.455429199	158.628662	6.989832227
167.0222666	4.146441942	165.4576699	4.760114172	163.8887465	5.355183016	162.3157589	5.931802154	160.7389613	6.490117487	159.1586006	7.030266323
167.5764359	4.156117487	166.0071738	4.776319617	164.43351	5.377730368	162.8557116	5.960505051	161.2740374	6.524791225	159.6887383	7.070727734
168.1308	4.165596218	166.5568753	4.792375333	164.978473	5.400173803	163.3958648	5.989148575	161.8093137	6.559448869	160.2190754	7.111215082
168.6853587	4.17487588	167.1067744	4.80827925	165.5236355	5.42251143	163.9362182	6.017731006	162.3447904	6.594088869	160.7496118	7.151726981
169.2401118	4.183954211	167.6568711	4.824029288	166.0689975	5.444741348	164.4767721	6.046250618	162.8804673	6.628709668	161.2803476	7.192262038
169.7950594	4.192828943	168.2071653	4.839623359	166.6145589	5.466861647	165.0175264	6.074705674	163.4163446	6.663309699	161.8112827	7.232818852
170.3502012	4.201497798	168.7576568	4.85505937	167.1603198	5.488870411	165.558481	6.103094434	163.9524222	6.697887392	162.3424171	7.273396016
170.9055371	4.209958491	169.3083457	4.870335218	167.70628	5.510765717	166.099636	6.131415149	164.4887002	6.732441166	162.873751	7.313992116
171.461067	4.218208729	169.8592318	4.885448792	168.2524396	5.532545632	166.6409913	6.15966606	165.0251786	6.766969434	163.4052844	7.354605729
172.0167908	4.226246211	170.4103151	4.900397975	168.7987985	5.554208219	167.1825471	6.187845404	165.5618574	6.801470602	163.9370172	7.395235426
172.5727084	4.234068629	170.9615955	4.91518064	169.3453567	5.575751529	167.7243032	6.215951408	166.0987365	6.835943068	164.4689495	7.435879773
173.1288196	4.241673665	171.5130729	4.929794653	169.8921141	5.597173608	168.2662596	6.243982293	166.6358161	6.870385224	165.0010813	7.476537324
173.6851242	4.249058995	172.0647473	4.944237874	170.4390708	5.618472495	168.8084165	6.271936272	167.1730962	6.904795452	165.5334126	7.517206629
174.2416222	4.256222286	172.6166185	4.958508152	170.9862266	5.639646219	169.3507737	6.29981155	167.7105767	6.939172129	166.0659435	7.557886232
174.7983134	4.263161198	173.1686865	4.972603332	171.5335816	5.660692802	169.8933312	6.327606325	168.2482577	6.973513623	166.5986741	7.598574666
175.3551976	4.269873382	173.7209513	4.986521247	172.0811357	5.68161026	170.4360891	6.355318788	168.7861393	7.007818298	167.1316042	7.63927046
175.9122748	4.276356483	174.2734126	5.000259725	172.6288888	5.7023966	170.9790473	6.382947121	169.3242213	7.042084505	167.6647341	7.679972135
176.4695447	4.282608135	174.8260704	5.013816585	173.176841	5.72304982	171.5222059	6.4104895	169.8625039	7.076310592	168.1980636	7.720678202
177.0270072	4.288625967	175.3789247	5.02718964	173.7249922	5.743567913	172.0655649	6.437944092	170.400987	7.110494898	168.7315928	7.76138717
177.5846621	4.294407599	175.9319753	5.040376692	174.2733423	5.763948862	172.6091241	6.465309057	170.9396707	7.144635756	169.2653218	7.802097536
178.1425093	4.299950642	176.4852222	5.053375538	174.8218913	5.784190645	173.1528837	6.492582548	171.478555	7.178731489	169.7992506	7.842807792
178.7005487	4.3052527	177.0386652	5.066183966	175.3706391	5.804291228	173.6968436	6.519762709	172.01764	7.212780414	170.3333792	7.883516422
179.2587801	4.31031137	177.5923043	5.078799755	175.9195858	5.824248573	174.2410037	6.546847679	172.5569255	7.246780841	170.8677076	7.924221905
179.8172032	4.315124239	178.1461393	5.091220679	176.4687312	5.844060634	174.7853642	6.573835586	173.0964117	7.280731073	171.402236	7.964922708
180.375818	4.319688887	178.7001701	5.103444501	177.0180753	5.863725354	175.329925	6.600724553	173.6360986	7.314629403	171.9369642	8.005617296
180.9346242	4.324002887	179.2543967	5.115468979	177.5676181	5.883240673	175.874686	6.627512695	174.1759861	7.348474119	172.4718924	8.046304122
181.4936217	4.328063803	179.808819	5.12729186	178.1173594	5.902604518	176.4196474	6.654198119	174.7160744	7.382263501	173.0070206	8.086981636
182.0528103	4.331869191	180.3634368	5.138910886	178.6672994	5.921814814	176.9648089	6.680778923	175.2563634	7.415995821	173.5423489	8.127648278
182.6121899	4.335416598	180.9182499	5.150323789	179.2174378	5.940869473	177.5101707	6.707253199	175.7968531	7.449669344	174.0778771	8.16830248
183.1717602	4.338703566	181.4732584	5.161528295	179.7677746	5.959766403	178.0557328	6.733619032	176.3375435	7.483282327	174.6136055	8.20894267
183.731521	4.341727627	182.0284621	5.172522121	180.3183099	5.978503501	178.601495	6.759874497	176.8784348	7.516833021	175.149534	8.249567266
184.2914722	4.344486304	182.5838608	5.183302976	180.8690434	5.99707866	179.1474574	6.786017664	177.4195268	7.550319666	175.6856627	8.290174678
184.8516135	4.346977114	183.1394545	5.193868561	181.4199752	6.015489761	179.6936201	6.812046594	177.9608196	7.583740499	176.2219916	8.330763312
185.4119448	4.349197565	183.695243	5.20421657	181.9711052	6.03373468	180.2399829	6.83795934	178.5023132	7.617093747	176.7585207	8.371331564
185.9724659	4.351145158	184.2512262	5.214344688	182.5224334	6.051811285	180.7865458	6.863753947	179.0440077	7.650377629	177.29525	8.411877823
186.5331765	4.352817384	184.807404	5.224250593	183.0739596	6.069717436	181.3333089	6.889428454	179.585903	7.683590358	177.8321797	8.452400471
187.0940765	4.354211729	185.3637762	5.233931955	183.6256838	6.087450984	181.880272	6.914980892	180.1279992	7.716730138	178.3693098	8.492897883
187.6551656	4.355325668	185.9203428	5.243386434	184.1776059	6.105009773	182.4274353	6.940409282	180.6702963	7.749795167	178.9066402	8.533368426
188.2164437	4.356156669	186.4771034	5.252611686	184.7297259	6.122391639	182.9747986	6.965711641	181.2127942	7.782783635	179.4441711	8.57381046
188.7779104	4.356702193	187.0340582	5.261605355	185.2820436	6.139594412	183.522362	6.990885974	181.7554931	7.815693723	179.9819024	8.614222337
189.3395656	4.356959692	187.5912068	5.27036508	185.8345591	6.15661591	184.0701254	7.015930283	182.2983929	7.848523606	180.5198342	8.654602403
189.9014091	4.35692661	188.1485491	5.278888491	186.3872722	6.173453948	184.6180888	7.040842558	182.8414937	7.881271452	181.0579666	8.694948995
NaN	NaN	188.7060851	5.287173209	186.9401828	6.19010633	185.1662521	7.065620783	183.3847953	7.913935419	181.5962995	8.735260443
NaN	NaN	189.2638145	5.295216849	187.4932909	6.206570852	185.7146154	7.090262937	183.928298	7.94651366	182.1348331	8.77553507
NaN	NaN	189.8217371	5.303017016	188.0465964	6.222845305	186.2631787	7.114766986	184.4720016	7.979004318	182.6735673	8.815771193
NaN	NaN	190.379853	5.310571309	188.6000992	6.238927469	186.8119418	7.139130892	185.0159062	8.011405531	183.2125022	8.855967118
NaN	NaN	190.9381618	5.317877319	189.1537992	6.254815117	187.3609047	7.163352607	185.5600118	8.043715427	183.7516379	8.896121146
NaN	NaN	191.4966634	5.324932626	189.7076963	6.270506015	187.9100675	7.187430079	186.1043184	8.075932129	184.2909743	8.936231571
NaN	NaN	192.0553577	5.331734806	190.2617904	6.285997921	188.45943	7.211361244	186.648826	8.108053749	184.8305115	8.976296677
NaN	NaN	192.6142444	5.338281425	190.8160815	6.301288585	189.0089923	7.235144031	187.1935347	8.140078395	185.3702496	9.016314745
NaN	NaN	193.1733235	5.34457004	191.3705695	6.316375748	189.5587544	7.258776364	187.7384443	8.172004164	185.9101886	9.056284043
NaN	NaN	193.7325947	5.350598202	191.9252541	6.331257144	190.108716	7.282256157	188.2835551	8.203829148	186.4503285	9.096202836
NaN	NaN	194.2920579	5.356363454	192.4801354	6.345930499	190.6588774	7.305581315	188.8288668	8.23555143	186.9906693	9.136069379
NaN	NaN	194.8517128	5.361863329	193.0352133	6.360393531	191.2092383	7.328749739	189.3743796	8.267169086	187.5312112	9.17588192
NaN	NaN	195.4115594	5.367095353	193.5904876	6.374643951	191.7597988	7.351759319	189.9200935	8.298680183	188.0719541	9.215638701
NaN	NaN	195.9715973	5.372057046	194.1459582	6.38867946	192.3105588	7.374607937	190.4660085	8.330082783	188.6128981	9.255337954
NaN	NaN	196.5318265	5.376745917	194.7016251	6.402497754	192.8615183	7.39729347	191.0121245	8.361374937	189.1540432	9.294977906
NaN	NaN	197.0922467	5.381159469	195.257488	6.416096518	193.4126772	7.419813785	191.5584416	8.392554692	189.6953895	9.334556775
NaN	NaN	197.6528577	5.385295195	195.813547	6.429473431	193.9640355	7.442166742	192.1049597	8.423620084	190.236937	9.374072771
NaN	NaN	198.2136594	5.389150583	196.3698018	6.442626163	194.515593	7.464350192	192.6516789	8.454569142	190.7786857	9.413524099
NaN	NaN	198.7746515	5.392723109	196.9262524	6.455552377	195.0673499	7.486361979	193.1985992	8.48539989	191.3206357	9.452908952
NaN	NaN	199.3358337	5.396010245	197.4828986	6.468249729	195.619306	7.508199941	193.7457206	8.51611034	191.862787	9.492225521
NaN	NaN	199.897206	5.399009452	198.0397403	6.480715863	196.1714612	7.529861905	194.2930431	8.5466985	192.4051397	9.531471985
NaN	NaN	200.4587681	5.401718185	198.5967774	6.492948419	196.7238156	7.551345691	194.8405666	8.577162369	192.9476937	9.570646517
NaN	NaN	201.0205198	5.404133889	199.1540098	6.504945029	197.276369	7.572649113	195.3882912	8.607499937	193.4904492	9.609747284
NaN	NaN	201.5824607	5.406254003	199.7114372	6.516703314	197.8291214	7.593769975	195.9362169	8.637709188	194.0334061	9.648772442
NaN	NaN	202.1445908	5.408075957	200.2690597	6.528220889	198.3820727	7.614706074	196.4843436	8.667788097	194.5765645	9.687720142
NaN	NaN	202.7069098	5.409597173	200.826877	6.539495362	198.9352229	7.635455199	197.0326714	8.697734633	195.1199244	9.726588528
NaN	NaN	203.2694175	5.410815065	201.384889	6.55052433	199.4885718	7.656015131	197.5812002	8.727546755	195.663486	9.765375733
NaN	NaN	203.8321135	5.411727038	201.9430955	6.561305386	200.0421195	7.676383644	198.1299301	8.757222417	196.2072491	9.804079887
NaN	NaN	204.3949977	5.412330491	202.5014965	6.571836111	200.5958659	7.696558502	198.6788609	8.786759562	196.7512138	9.842699108
NaN	NaN	204.9580698	5.412622813	203.0600917	6.582114082	201.1498108	7.716537464	199.2279928	8.816156127	197.2953803	9.881231509
NaN	NaN	205.5213296	5.412601387	203.6188811	6.592136863	201.7039542	7.736318278	199.7773257	8.845410041	197.8397484	9.919675194
NaN	NaN	NaN	NaN	204.1778643	6.601902016	202.2582961	7.755898687	200.3268596	8.874519227	198.3843183	9.958028262
NaN	NaN	NaN	NaN	204.7370414	6.611407089	202.8128364	7.775276424	200.8765945	8.903481596	198.9290899	9.996288801
NaN	NaN	NaN	NaN	205.2964121	6.620649627	203.3675749	7.794449215	201.4265304	8.932295055	199.4740633	10.03445489
NaN	NaN	NaN	NaN	205.8559762	6.629627164	203.9225116	7.813414778	201.9766671	8.960957502	200.0192386	10.07252461
NaN	NaN	NaN	NaN	206.4157337	6.638337227	204.4776464	7.832170823	202.5270048	8.989466827	200.5646158	10.11049602
NaN	NaN	NaN	NaN	206.9756842	6.646777334	205.0329792	7.850715052	203.0775435	9.017820911	201.1101948	10.14836719
NaN	NaN	NaN	NaN	207.5358277	6.654944997	205.58851	7.869045158	203.6282829	9.04601763	201.6559758	10.18613616
NaN	NaN	NaN	NaN	208.096164	6.662837719	206.1442385	7.887158828	204.1792233	9.07405485	202.2019587	10.22380097
NaN	NaN	NaN	NaN	208.6566928	6.670452993	206.7001649	7.90505374	204.7303645	9.10193043	202.7481436	10.26135967
NaN	NaN	NaN	NaN	209.2174141	6.677788307	207.2562889	7.922727565	205.2817065	9.12964222	203.2945305	10.29881028
NaN	NaN	NaN	NaN	209.7783275	6.684841139	207.8126104	7.940177964	205.8332493	9.157188065	203.8411194	10.33615082
NaN	NaN	NaN	NaN	210.339433	6.69160896	208.3691294	7.957402592	206.3849928	9.184565798	204.3879105	10.37337931
NaN	NaN	NaN	NaN	210.9007302	6.698089233	208.9258457	7.974399094	206.936937	9.211773247	204.9349036	10.41049374
NaN	NaN	NaN	NaN	211.4622191	6.704279411	209.4827592	7.99116511	207.489082	9.238808232	205.4820988	10.44749212
NaN	NaN	NaN	NaN	212.0238994	6.710176942	210.0398699	8.00769827	208.0414276	9.265668564	206.0294961	10.48437244
NaN	NaN	NaN	NaN	212.5857708	6.715779264	210.5971776	8.023996196	208.5939738	9.292352047	206.5770956	10.52113267
NaN	NaN	NaN	NaN	213.1478333	6.721083808	211.1546822	8.040056501	209.1467206	9.318856477	207.1248973	10.55777079
NaN	NaN	NaN	NaN	213.7100865	6.726087995	211.7123835	8.055876793	209.699668	9.345179641	207.6729012	10.59428478
NaN	NaN	NaN	NaN	214.2725303	6.73078924	212.2702815	8.07145467	210.2528158	9.37131932	208.2211074	10.63067257
NaN	NaN	NaN	NaN	214.8351644	6.735184948	212.8283761	8.086787723	210.8061641	9.397273286	208.7695157	10.66693214
NaN	NaN	NaN	NaN	215.3979886	6.739272519	213.386667	8.101873532	211.3597128	9.423039303	209.3181264	10.70306141
NaN	NaN	NaN	NaN	215.9610027	6.743049343	213.9451542	8.116709674	211.9134619	9.448615128	209.8669393	10.73905833
NaN	NaN	NaN	NaN	216.5242064	6.7465128	214.5038376	8.131293713	212.4674113	9.473998507	210.4159545	10.77492082
NaN	NaN	NaN	NaN	217.0875995	6.749660265	215.062717	8.145623209	213.021561	9.499187183	210.965172	10.81064681
NaN	NaN	NaN	NaN	217.6511817	6.752489105	215.6217922	8.15969571	213.5759109	9.524178888	211.5145918	10.84623419
NaN	NaN	NaN	NaN	218.2149529	6.754996676	216.1810632	8.173508761	214.130461	9.548971345	212.064214	10.88168089
NaN	NaN	NaN	NaN	218.7789127	6.757180329	216.7405298	8.187059894	214.6852111	9.573562272	212.6140385	10.91698479
NaN	NaN	NaN	NaN	219.3430609	6.759037404	217.3001918	8.200346636	215.2401613	9.597949377	213.1640654	10.95214378
NaN	NaN	NaN	NaN	219.9073972	6.760565237	217.8600491	8.213366504	215.7953115	9.622130361	213.7142946	10.98715574
NaN	NaN	NaN	NaN	220.4719213	6.761761151	218.4201015	8.226117009	216.3506616	9.646102917	214.2647262	11.02201855
NaN	NaN	NaN	NaN	221.0366331	6.762622465	218.9803489	8.238595653	216.9062115	9.669864728	214.8153602	11.05673007
NaN	NaN	NaN	NaN	221.6015322	6.763146487	219.5407911	8.250799929	217.4619613	9.693413473	215.3661966	11.09128815
NaN	NaN	NaN	NaN	222.1666183	6.76333052	220.1014279	8.262727324	218.0179107	9.71674682	215.9172354	11.12569065
NaN	NaN	NaN	NaN	222.7318911	6.763171855	220.6622593	8.274375314	218.5740598	9.739862429	216.4684766	11.15993541
NaN	NaN	NaN	NaN	NaN	NaN	221.2232849	8.285741371	219.1304085	9.762757954	217.0199201	11.19402026
NaN	NaN	NaN	NaN	NaN	NaN	221.7845047	8.296822954	219.6869567	9.785431038	217.5715661	11.22794302
NaN	NaN	NaN	NaN	NaN	NaN	222.3459184	8.307617518	220.2437042	9.80787932	218.1234144	11.26170152
NaN	NaN	NaN	NaN	NaN	NaN	222.907526	8.318122509	220.8006511	9.830100427	218.6754651	11.29529356
NaN	NaN	NaN	NaN	NaN	NaN	223.4693271	8.328335362	221.3577973	9.85209198	219.2277183	11.32871694
NaN	NaN	NaN	NaN	NaN	NaN	224.0313216	8.338253509	221.9151426	9.873851593	219.7801737	11.36196947
NaN	NaN	NaN	NaN	NaN	NaN	224.5935093	8.34787437	222.4726869	9.895376869	220.3328316	11.39504892
NaN	NaN	NaN	NaN	NaN	NaN	225.15589	8.357195357	223.0304303	9.916665405	220.8856918	11.42795307
NaN	NaN	NaN	NaN	NaN	NaN	225.7184635	8.366213877	223.5883725	9.937714791	221.4387544	11.4606797
NaN	NaN	NaN	NaN	NaN	NaN	226.2812296	8.374927326	224.1465135	9.958522606	221.9920192	11.49322656
NaN	NaN	NaN	NaN	NaN	NaN	226.8441882	8.383333092	224.7048531	9.979086423	222.5454864	11.52559141
NaN	NaN	NaN	NaN	NaN	NaN	227.4073389	8.391428557	225.2633914	9.999403807	223.0991559	11.55777199
NaN	NaN	NaN	NaN	NaN	NaN	227.9706815	8.399211092	225.8221281	10.01947231	223.6530277	11.58976605
NaN	NaN	NaN	NaN	NaN	NaN	228.534216	8.406678063	226.3810631	10.03928949	224.2071018	11.62157131
NaN	NaN	NaN	NaN	NaN	NaN	229.0979419	8.413826826	226.9401964	10.05885288	224.761378	11.6531855
NaN	NaN	NaN	NaN	NaN	NaN	229.6618591	8.420654729	227.4995279	10.07816001	225.3158565	11.68460633
NaN	NaN	NaN	NaN	NaN	NaN	230.2259674	8.427159112	228.0590573	10.09720842	225.8705372	11.71583151
NaN	NaN	NaN	NaN	NaN	NaN	230.7902665	8.433337307	228.6187846	10.1159956	226.42542	11.74685874
NaN	NaN	NaN	NaN	NaN	NaN	231.3547562	8.439186639	229.1787097	10.13451908	226.980505	11.7776857
NaN	NaN	NaN	NaN	NaN	NaN	231.9194362	8.444704422	229.7388324	10.15277635	227.5357921	11.80831008
NaN	NaN	NaN	NaN	NaN	NaN	232.4843063	8.449887965	230.2991527	10.1707649	228.0912812	11.83872955
NaN	NaN	NaN	NaN	NaN	NaN	233.0493662	8.454734568	230.8596702	10.18848222	228.6469723	11.86894179
NaN	NaN	NaN	NaN	NaN	NaN	233.6146157	8.45924152	231.4203851	10.20592578	229.2028655	11.89894444
NaN	NaN	NaN	NaN	NaN	NaN	234.1800545	8.463406107	231.981297	10.22309305	229.7589605	11.92873516
NaN	NaN	NaN	NaN	NaN	NaN	234.7456823	8.467225603	232.5424058	10.2399815	230.3152575	11.95831159
NaN	NaN	NaN	NaN	NaN	NaN	235.3114988	8.470697275	233.1037115	10.25658856	230.8717563	11.98767137
NaN	NaN	NaN	NaN	NaN	NaN	235.8775039	8.473818382	233.6652137	10.27291169	231.428457	12.01681212
NaN	NaN	NaN	NaN	NaN	NaN	236.4436971	8.476586175	234.2269125	10.28894831	231.9853593	12.04573145
NaN	NaN	NaN	NaN	NaN	NaN	237.0100783	8.478997897	234.7888076	10.30469587	232.5424634	12.07442699
NaN	NaN	NaN	NaN	NaN	NaN	237.576647	8.481050782	235.3508989	10.32015176	233.0997692	12.10289633
NaN	NaN	NaN	NaN	NaN	NaN	238.1434031	8.482742056	235.9131862	10.33531342	233.6572765	12.13113707
NaN	NaN	NaN	NaN	NaN	NaN	238.7103462	8.484068938	236.4756693	10.35017823	234.2149853	12.15914679
NaN	NaN	NaN	NaN	NaN	NaN	239.2774759	8.485028639	237.038348	10.36474359	234.7728956	12.18692307
NaN	NaN	NaN	NaN	NaN	NaN	239.8447921	8.485618359	237.6012222	10.37900689	235.3310074	12.21446348
NaN	NaN	NaN	NaN	NaN	NaN	240.4122943	8.485835294	238.1642918	10.39296551	235.8893204	12.24176558
NaN	NaN	NaN	NaN	NaN	NaN	240.9799823	8.485676629	238.7275564	10.40661681	236.4478347	12.26882693
NaN	NaN	NaN	NaN	NaN	NaN	NaN	NaN	239.291016	10.41995816	237.0065502	12.29564507
NaN	NaN	NaN	NaN	NaN	NaN	NaN	NaN	239.8546703	10.43298692	237.5654668	12.32221754
NaN	NaN	NaN	NaN	NaN	NaN	NaN	NaN	240.4185191	10.44570042	238.1245844	12.34854186
NaN	NaN	NaN	NaN	NaN	NaN	NaN	NaN	240.9825622	10.45809601	238.683903	12.37461557
NaN	NaN	NaN	NaN	NaN	NaN	NaN	NaN	241.5467995	10.470171	239.2434224	12.40043617
NaN	NaN	NaN	NaN	NaN	NaN	NaN	NaN	242.1112307	10.48192274	239.8031426	12.42600116
NaN	NaN	NaN	NaN	NaN	NaN	NaN	NaN	242.6758556	10.49334852	240.3630635	12.45130805
NaN	NaN	NaN	NaN	NaN	NaN	NaN	NaN	243.240674	10.50444565	240.9231849	12.47635432
NaN	NaN	NaN	NaN	NaN	NaN	NaN	NaN	243.8056856	10.51521143	241.4835069	12.50113746
NaN	NaN	NaN	NaN	NaN	NaN	NaN	NaN	244.3708903	10.52564315	242.0440293	12.52565493
NaN	NaN	NaN	NaN	NaN	NaN	NaN	NaN	244.9362877	10.53573809	242.6047519	12.5499042
NaN	NaN	NaN	NaN	NaN	NaN	NaN	NaN	245.5018778	10.54549351	243.1656747	12.57388273
NaN	NaN	NaN	NaN	NaN	NaN	NaN	NaN	246.0676601	10.55490669	243.7267976	12.59758796
NaN	NaN	NaN	NaN	NaN	NaN	NaN	NaN	246.6336345	10.56397488	244.2881204	12.62101733
NaN	NaN	NaN	NaN	NaN	NaN	NaN	NaN	247.1998008	10.57269532	244.8496431	12.64416829
NaN	NaN	NaN	NaN	NaN	NaN	NaN	NaN	247.7661586	10.58106525	245.4113655	12.66703824
NaN	NaN	NaN	NaN	NaN	NaN	NaN	NaN	248.3327077	10.58908192	245.9732874	12.6896246
NaN	NaN	NaN	NaN	NaN	NaN	NaN	NaN	248.8994479	10.59674253	246.5354089	12.71192479
NaN	NaN	NaN	NaN	NaN	NaN	NaN	NaN	249.4663789	10.6040443	247.0977297	12.7339362
NaN	NaN	NaN	NaN	NaN	NaN	NaN	NaN	250.0335003	10.61098445	247.6602496	12.75565622
NaN	NaN	NaN	NaN	NaN	NaN	NaN	NaN	250.600812	10.61756016	248.2229687	12.77708223
NaN	NaN	NaN	NaN	NaN	NaN	NaN	NaN	251.1683136	10.62376863	248.7858866	12.79821162
NaN	NaN	NaN	NaN	NaN	NaN	NaN	NaN	251.7360049	10.62960704	249.3490034	12.81904173
NaN	NaN	NaN	NaN	NaN	NaN	NaN	NaN	252.3038855	10.63507257	249.9123187	12.83956994
NaN	NaN	NaN	NaN	NaN	NaN	NaN	NaN	252.8719552	10.64016238	250.4758325	12.85979359
NaN	NaN	NaN	NaN	NaN	NaN	NaN	NaN	253.4402136	10.64487362	251.0395447	12.87971003
NaN	NaN	NaN	NaN	NaN	NaN	NaN	NaN	254.0086605	10.64920345	251.603455	12.89931658
NaN	NaN	NaN	NaN	NaN	NaN	NaN	NaN	254.5772955	10.65314901	252.1675632	12.91861058
NaN	NaN	NaN	NaN	NaN	NaN	NaN	NaN	255.1461183	10.65670743	252.7318693	12.93758933
NaN	NaN	NaN	NaN	NaN	NaN	NaN	NaN	255.7151285	10.65987583	253.2963731	12.95625015
NaN	NaN	NaN	NaN	NaN	NaN	NaN	NaN	256.2843259	10.66265134	253.8610743	12.97459034
NaN	NaN	NaN	NaN	NaN	NaN	NaN	NaN	256.8537101	10.66503106	254.4259728	12.9926072
NaN	NaN	NaN	NaN	NaN	NaN	NaN	NaN	257.4232807	10.66701208	254.9910684	13.01029799
NaN	NaN	NaN	NaN	NaN	NaN	NaN	NaN	257.9930375	10.66859151	255.5563609	13.02766001
NaN	NaN	NaN	NaN	NaN	NaN	NaN	NaN	258.56298	10.66976643	256.1218501	13.04469051
NaN	NaN	NaN	NaN	NaN	NaN	NaN	NaN	259.1331078	10.67053391	256.6875358	13.06138676
NaN	NaN	NaN	NaN	NaN	NaN	NaN	NaN	259.7034207	10.67089102	257.2534179	13.07774601
NaN	NaN	NaN	NaN	NaN	NaN	NaN	NaN	260.2739183	10.67083482	257.819496	13.0937655
NaN	NaN	NaN	NaN	NaN	NaN	NaN	NaN	NaN	NaN	258.38577	13.10944247
NaN	NaN	NaN	NaN	NaN	NaN	NaN	NaN	NaN	NaN	258.9522398	13.12477413
NaN	NaN	NaN	NaN	NaN	NaN	NaN	NaN	NaN	NaN	259.5189049	13.13975772
NaN	NaN	NaN	NaN	NaN	NaN	NaN	NaN	NaN	NaN	260.0857653	13.15439044
NaN	NaN	NaN	NaN	NaN	NaN	NaN	NaN	NaN	NaN	260.6528207	13.16866949
NaN	NaN	NaN	NaN	NaN	NaN	NaN	NaN	NaN	NaN	261.2200708	13.18259206
NaN	NaN	NaN	NaN	NaN	NaN	NaN	NaN	NaN	NaN	261.7875155	13.19615534
NaN	NaN	NaN	NaN	NaN	NaN	NaN	NaN	NaN	NaN	262.3551544	13.20935651
NaN	NaN	NaN	NaN	NaN	NaN	NaN	NaN	NaN	NaN	262.9229874	13.22219274
NaN	NaN	NaN	NaN	NaN	NaN	NaN	NaN	NaN	NaN	263.4910141	13.23466118
NaN	NaN	NaN	NaN	NaN	NaN	NaN	NaN	NaN	NaN	264.0592343	13.24675898
NaN	NaN	NaN	NaN	NaN	NaN	NaN	NaN	NaN	NaN	264.6276478	13.2584833
NaN	NaN	NaN	NaN	NaN	NaN	NaN	NaN	NaN	NaN	265.1962542	13.26983127
NaN	NaN	NaN	NaN	NaN	NaN	NaN	NaN	NaN	NaN	265.7650533	13.28080001
NaN	NaN	NaN	NaN	NaN	NaN	NaN	NaN	NaN	NaN	266.3340448	13.29138664
NaN	NaN	NaN	NaN	NaN	NaN	NaN	NaN	NaN	NaN	266.9032284	13.30158828
NaN	NaN	NaN	NaN	NaN	NaN	NaN	NaN	NaN	NaN	267.4726038	13.31140202
NaN	NaN	NaN	NaN	NaN	NaN	NaN	NaN	NaN	NaN	268.0421708	13.32082497
NaN	NaN	NaN	NaN	NaN	NaN	NaN	NaN	NaN	NaN	268.611929	13.3298542
NaN	NaN	NaN	NaN	NaN	NaN	NaN	NaN	NaN	NaN	269.1818781	13.33848679
NaN	NaN	NaN	NaN	NaN	NaN	NaN	NaN	NaN	NaN	269.7520178	13.34671983
NaN	NaN	NaN	NaN	NaN	NaN	NaN	NaN	NaN	NaN	270.3223477	13.35455035
NaN	NaN	NaN	NaN	NaN	NaN	NaN	NaN	NaN	NaN	270.8928676	13.36197543
NaN	NaN	NaN	NaN	NaN	NaN	NaN	NaN	NaN	NaN	271.4635772	13.3689921
NaN	NaN	NaN	NaN	NaN	NaN	NaN	NaN	NaN	NaN	272.0344759	13.3755974
NaN	NaN	NaN	NaN	NaN	NaN	NaN	NaN	NaN	NaN	272.6055636	13.38178836
NaN	NaN	NaN	NaN	NaN	NaN	NaN	NaN	NaN	NaN	273.1768399	13.387562
NaN	NaN	NaN	NaN	NaN	NaN	NaN	NaN	NaN	NaN	273.7483044	13.39291533
NaN	NaN	NaN	NaN	NaN	NaN	NaN	NaN	NaN	NaN	274.3199568	13.39784535
NaN	NaN	NaN	NaN	NaN	NaN	NaN	NaN	NaN	NaN	274.8917966	13.40234906
NaN	NaN	NaN	NaN	NaN	NaN	NaN	NaN	NaN	NaN	275.4638236	13.40642345
NaN	NaN	NaN	NaN	NaN	NaN	NaN	NaN	NaN	NaN	276.0360372	13.4100655
NaN	NaN	NaN	NaN	NaN	NaN	NaN	NaN	NaN	NaN	276.6084372	13.41327218
NaN	NaN	NaN	NaN	NaN	NaN	NaN	NaN	NaN	NaN	277.1810232	13.41604044
NaN	NaN	NaN	NaN	NaN	NaN	NaN	NaN	NaN	NaN	277.7537946	13.41836725
NaN	NaN	NaN	NaN	NaN	NaN	NaN	NaN	NaN	NaN	278.3267512	13.42024955
NaN	NaN	NaN	NaN	NaN	NaN	NaN	NaN	NaN	NaN	278.8998925	13.42168428
NaN	NaN	NaN	NaN	NaN	NaN	NaN	NaN	NaN	NaN	279.4732181	13.42266837
NaN	NaN	NaN	NaN	NaN	NaN	NaN	NaN	NaN	NaN	280.0467276	13.42319873
NaN	NaN	NaN	NaN	NaN	NaN	NaN	NaN	NaN	NaN	280.6204204	13.42327229
NaN	NaN	NaN	NaN	NaN	NaN	NaN	NaN	NaN	NaN	281.1942963	13.42288595
NaN	NaN	NaN	NaN	NaN	NaN	NaN	NaN	NaN	NaN	NaN	NaN
NaN	NaN	NaN	NaN	NaN	NaN	NaN	NaN	NaN	NaN	NaN	NaN
NaN	NaN	NaN	NaN	NaN	NaN	NaN	NaN	NaN	NaN	NaN	NaN
NaN	NaN	NaN	NaN	NaN	NaN	NaN	NaN	NaN	NaN	NaN	NaN
NaN	NaN	NaN	NaN	NaN	NaN	NaN	NaN	NaN	NaN	NaN	NaN
NaN	NaN	NaN	NaN	NaN	NaN	NaN	NaN	NaN	NaN	NaN	NaN
NaN	NaN	NaN	NaN	NaN	NaN	NaN	NaN	NaN	NaN	NaN	NaN
NaN	NaN	NaN	NaN	NaN	NaN	NaN	NaN	NaN	NaN	NaN	NaN
NaN	NaN	NaN	NaN	NaN	NaN	NaN	NaN	NaN	NaN	NaN	NaN
NaN	NaN	NaN	NaN	NaN	NaN	NaN	NaN	NaN	NaN	NaN	NaN
NaN	NaN	NaN	NaN	NaN	NaN	NaN	NaN	NaN	NaN	NaN	NaN
NaN	NaN	NaN	NaN	NaN	NaN	NaN	NaN	NaN	NaN	NaN	NaN
NaN	NaN	NaN	NaN	NaN	NaN	NaN	NaN	NaN	NaN	NaN	NaN
NaN	NaN	NaN	NaN	NaN	NaN	NaN	NaN	NaN	NaN	NaN	NaN
NaN	NaN	NaN	NaN	NaN	NaN	NaN	NaN	NaN	NaN	NaN	NaN
NaN	NaN	NaN	NaN	NaN	NaN	NaN	NaN	NaN	NaN	NaN	NaN
NaN	NaN	NaN	NaN	NaN	NaN	NaN	NaN	NaN	NaN	NaN	NaN
NaN	NaN	NaN	NaN	NaN	NaN	NaN	NaN	NaN	NaN	NaN	NaN
NaN	NaN	NaN	NaN	NaN	NaN	NaN	NaN	NaN	NaN	NaN	NaN
NaN	NaN	NaN	NaN	NaN	NaN	NaN	NaN	NaN	NaN	NaN	NaN
NaN	NaN	NaN	NaN	NaN	NaN	NaN	NaN	NaN	NaN	NaN	NaN
NaN	NaN	NaN	NaN	NaN	NaN	NaN	NaN	NaN	NaN	NaN	NaN
NaN	NaN	NaN	NaN	NaN	NaN	NaN	NaN	NaN	NaN	NaN	NaN
NaN	NaN	NaN	NaN	NaN	NaN	NaN	NaN	NaN	NaN	NaN	NaN
NaN	NaN	NaN	NaN	NaN	NaN	NaN	NaN	NaN	NaN	NaN	NaN
NaN	NaN	NaN	NaN	NaN	NaN	NaN	NaN	NaN	NaN	NaN	NaN
NaN	NaN	NaN	NaN	NaN	NaN	NaN	NaN	NaN	NaN	NaN	NaN
NaN	NaN	NaN	NaN	NaN	NaN	NaN	NaN	NaN	NaN	NaN	NaN
NaN	NaN	NaN	NaN	NaN	NaN	NaN	NaN	NaN	NaN	NaN	NaN
NaN	NaN	NaN	NaN	NaN	NaN	NaN	NaN	NaN	NaN	NaN	NaN
NaN	NaN	NaN	NaN	NaN	NaN	NaN	NaN	NaN	NaN	NaN	NaN
NaN	NaN	NaN	NaN	NaN	NaN	NaN	NaN	NaN	NaN	NaN	NaN
NaN	NaN	NaN	NaN	NaN	NaN	NaN	NaN	NaN	NaN	NaN	NaN
NaN	NaN	NaN	NaN	NaN	NaN	NaN	NaN	NaN	NaN	NaN	NaN
NaN	NaN	NaN	NaN	NaN	NaN	NaN	NaN	NaN	NaN	NaN	NaN
NaN	NaN	NaN	NaN	NaN	NaN	NaN	NaN	NaN	NaN	NaN	NaN
NaN	NaN	NaN	NaN	NaN	NaN	NaN	NaN	NaN	NaN	NaN	NaN
NaN	NaN	NaN	NaN	NaN	NaN	NaN	NaN	NaN	NaN	NaN	NaN
NaN	NaN	NaN	NaN	NaN	NaN	NaN	NaN	NaN	NaN	NaN	NaN
NaN	NaN	NaN	NaN	NaN	NaN	NaN	NaN	NaN	NaN	NaN	NaN
NaN	NaN	NaN	NaN	NaN	NaN	NaN	NaN	NaN	NaN	NaN	NaN
NaN	NaN	NaN	NaN	NaN	NaN	NaN	NaN	NaN	NaN	NaN	NaN
NaN	NaN	NaN	NaN	NaN	NaN	NaN	NaN	NaN	NaN	NaN	NaN
NaN	NaN	NaN	NaN	NaN	NaN	NaN	NaN	NaN	NaN	NaN	NaN
NaN	NaN	NaN	NaN	NaN	NaN	NaN	NaN	NaN	NaN	NaN	NaN
NaN	NaN	NaN	NaN	NaN	NaN	NaN	NaN	NaN	NaN	NaN	NaN
NaN	NaN	NaN	NaN	NaN	NaN	NaN	NaN	NaN	NaN	NaN	NaN
NaN	NaN	NaN	NaN	NaN	NaN	NaN	NaN	NaN	NaN	NaN	NaN
NaN	NaN	NaN	NaN	NaN	NaN	NaN	NaN	NaN	NaN	NaN	NaN
NaN	NaN	NaN	NaN	NaN	NaN	NaN	NaN	NaN	NaN	NaN	NaN
NaN	NaN	NaN	NaN	NaN	NaN	NaN	NaN	NaN	NaN	NaN	NaN
NaN	NaN	NaN	NaN	NaN	NaN	NaN	NaN	NaN	NaN	NaN	NaN
NaN	NaN	NaN	NaN	NaN	NaN	NaN	NaN	NaN	NaN	NaN	NaN
NaN	NaN	NaN	NaN	NaN	NaN	NaN	NaN	NaN	NaN	NaN	NaN
NaN	NaN	NaN	NaN	NaN	NaN	NaN	NaN	NaN	NaN	NaN	NaN
NaN	NaN	NaN	NaN	NaN	NaN	NaN	NaN	NaN	NaN	NaN	NaN
NaN	NaN	NaN	NaN	NaN	NaN	NaN	NaN	NaN	NaN	NaN	NaN
NaN	NaN	NaN	NaN	NaN	NaN	NaN	NaN	NaN	NaN	NaN	NaN
NaN	NaN	NaN	NaN	NaN	NaN	NaN	NaN	NaN	NaN	NaN	NaN
NaN	NaN	NaN	NaN	NaN	NaN	NaN	NaN	NaN	NaN	NaN	NaN
NaN	NaN	NaN	NaN	NaN	NaN	NaN	NaN	NaN	NaN	NaN	NaN
NaN	NaN	NaN	NaN	NaN	NaN	NaN	NaN	NaN	NaN	NaN	NaN
NaN	NaN	NaN	NaN	NaN	NaN	NaN	NaN	NaN	NaN	NaN	NaN
NaN	NaN	NaN	NaN	NaN	NaN	NaN	NaN	NaN	NaN	NaN	NaN
NaN	NaN	NaN	NaN	NaN	NaN	NaN	NaN	NaN	NaN	NaN	NaN
NaN	NaN	NaN	NaN	NaN	NaN	NaN	NaN	NaN	NaN	NaN	NaN
NaN	NaN	NaN	NaN	NaN	NaN	NaN	NaN	NaN	NaN	NaN	NaN
NaN	NaN	NaN	NaN	NaN	NaN	NaN	NaN	NaN	NaN	NaN	NaN
NaN	NaN	NaN	NaN	NaN	NaN	NaN	NaN	NaN	NaN	NaN	NaN
NaN	NaN	NaN	NaN	NaN	NaN	NaN	NaN	NaN	NaN	NaN	NaN
NaN	NaN	NaN	NaN	NaN	NaN	NaN	NaN	NaN	NaN	NaN	NaN
NaN	NaN	NaN	NaN	NaN	NaN	NaN	NaN	NaN	NaN	NaN	NaN
NaN	NaN	NaN	NaN	NaN	NaN	NaN	NaN	NaN	NaN	NaN	NaN
NaN	NaN	NaN	NaN	NaN	NaN	NaN	NaN	NaN	NaN	NaN	NaN
NaN	NaN	NaN	NaN	NaN	NaN	NaN	NaN	NaN	NaN	NaN	NaN
NaN	NaN	NaN	NaN	NaN	NaN	NaN	NaN	NaN	NaN	NaN	NaN
NaN	NaN	NaN	NaN	NaN	NaN	NaN	NaN	NaN	NaN	NaN	NaN
NaN	NaN	NaN	NaN	NaN	NaN	NaN	NaN	NaN	NaN	NaN	NaN
NaN	NaN	NaN	NaN	NaN	NaN	NaN	NaN	NaN	NaN	NaN	NaN
NaN	NaN	NaN	NaN	NaN	NaN	NaN	NaN	NaN	NaN	NaN	NaN
NaN	NaN	NaN	NaN	NaN	NaN	NaN	NaN	NaN	NaN	NaN	NaN
NaN	NaN	NaN	NaN	NaN	NaN	NaN	NaN	NaN	NaN	NaN	NaN
NaN	NaN	NaN	NaN	NaN	NaN	NaN	NaN	NaN	NaN	NaN	NaN
NaN	NaN	NaN	NaN	NaN	NaN	NaN	NaN	NaN	NaN	NaN	NaN
NaN	NaN	NaN	NaN	NaN	NaN	NaN	NaN	NaN	NaN	NaN	NaN
NaN	NaN	NaN	NaN	NaN	NaN	NaN	NaN	NaN	NaN	NaN	NaN
NaN	NaN	NaN	NaN	NaN	NaN	NaN	NaN	NaN	NaN	NaN	NaN
NaN	NaN	NaN	NaN	NaN	NaN	NaN	NaN	NaN	NaN	NaN	NaN
NaN	NaN	NaN	NaN	NaN	NaN	NaN	NaN	NaN	NaN	NaN	NaN
NaN	NaN	NaN	NaN	NaN	NaN	NaN	NaN	NaN	NaN	NaN	NaN
NaN	NaN	NaN	NaN	NaN	NaN	NaN	NaN	NaN	NaN	NaN	NaN
NaN	NaN	NaN	NaN	NaN	NaN	NaN	NaN	NaN	NaN	NaN	NaN
NaN	NaN	NaN	NaN	NaN	NaN	NaN	NaN	NaN	NaN	NaN	NaN
NaN	NaN	NaN	NaN	NaN	NaN	NaN	NaN	NaN	NaN	NaN	NaN
NaN	NaN	NaN	NaN	NaN	NaN	NaN	NaN	NaN	NaN	NaN	NaN
NaN	NaN	NaN	NaN	NaN	NaN	NaN	NaN	NaN	NaN	NaN	NaN
NaN	NaN	NaN	NaN	NaN	NaN	NaN	NaN	NaN	NaN	NaN	NaN
NaN	NaN	NaN	NaN	NaN	NaN	NaN	NaN	NaN	NaN	NaN	NaN
NaN	NaN	NaN	NaN	NaN	NaN	NaN	NaN	NaN	NaN	NaN	NaN
NaN	NaN	NaN	NaN	NaN	NaN	NaN	NaN	NaN	NaN	NaN	NaN
NaN	NaN	NaN	NaN	NaN	NaN	NaN	NaN	NaN	NaN	NaN	NaN
NaN	NaN	NaN	NaN	NaN	NaN	NaN	NaN	NaN	NaN	NaN	NaN
NaN	NaN	NaN	NaN	NaN	NaN	NaN	NaN	NaN	NaN	NaN	NaN
NaN	NaN	NaN	NaN	NaN	NaN	NaN	NaN	NaN	NaN	NaN	NaN
NaN	NaN	NaN	NaN	NaN	NaN	NaN	NaN	NaN	NaN	NaN	NaN
NaN	NaN	NaN	NaN	NaN	NaN	NaN	NaN	NaN	NaN	NaN	NaN
NaN	NaN	NaN	NaN	NaN	NaN	NaN	NaN	NaN	NaN	NaN	NaN
NaN	NaN	NaN	NaN	NaN	NaN	NaN	NaN	NaN	NaN	NaN	NaN
NaN	NaN	NaN	NaN	NaN	NaN	NaN	NaN	NaN	NaN	NaN	NaN
NaN	NaN	NaN	NaN	NaN	NaN	NaN	NaN	NaN	NaN	NaN	NaN
NaN	NaN	NaN	NaN	NaN	NaN	NaN	NaN	NaN	NaN	NaN	NaN
NaN	NaN	NaN	NaN	NaN	NaN	NaN	NaN	NaN	NaN	NaN	NaN
NaN	NaN	NaN	NaN	NaN	NaN	NaN	NaN	NaN	NaN	NaN	NaN
NaN	NaN	NaN	NaN	NaN	NaN	NaN	NaN	NaN	NaN	NaN	NaN
NaN	NaN	NaN	NaN	NaN	NaN	NaN	NaN	NaN	NaN	NaN	NaN
NaN	NaN	NaN	NaN	NaN	NaN	NaN	NaN	NaN	NaN	NaN	NaN
NaN	NaN	NaN	NaN	NaN	NaN	NaN	NaN	NaN	NaN	NaN	NaN
NaN	NaN	NaN	NaN	NaN	NaN	NaN	NaN	NaN	NaN	NaN	NaN
NaN	NaN	NaN	NaN	NaN	NaN	NaN	NaN	NaN	NaN	NaN	NaN
NaN	NaN	NaN	NaN	NaN	NaN	NaN	NaN	NaN	NaN	NaN	NaN
NaN	NaN	NaN	NaN	NaN	NaN	NaN	NaN	NaN	NaN	NaN	NaN
NaN	NaN	NaN	NaN	NaN	NaN	NaN	NaN	NaN	NaN	NaN	NaN
NaN	NaN	NaN	NaN	NaN	NaN	NaN	NaN	NaN	NaN	NaN	NaN
NaN	NaN	NaN	NaN	NaN	NaN	NaN	NaN	NaN	NaN	NaN	NaN
NaN	NaN	NaN	NaN	NaN	NaN	NaN	NaN	NaN	NaN	NaN	NaN
NaN	NaN	NaN	NaN	NaN	NaN	NaN	NaN	NaN	NaN	NaN	NaN
NaN	NaN	NaN	NaN	NaN	NaN	NaN	NaN	NaN	NaN	NaN	NaN
NaN	NaN	NaN	NaN	NaN	NaN	NaN	NaN	NaN	NaN	NaN	NaN
NaN	NaN	NaN	NaN	NaN	NaN	NaN	NaN	NaN	NaN	NaN	NaN
NaN	NaN	NaN	NaN	NaN	NaN	NaN	NaN	NaN	NaN	NaN	NaN
NaN	NaN	NaN	NaN	NaN	NaN	NaN	NaN	NaN	NaN	NaN	NaN
NaN	NaN	NaN	NaN	NaN	NaN	NaN	NaN	NaN	NaN	NaN	NaN
NaN	NaN	NaN	NaN	NaN	NaN	NaN	NaN	NaN	NaN	NaN	NaN
NaN	NaN	NaN	NaN	NaN	NaN	NaN	NaN	NaN	NaN	NaN	NaN
NaN	NaN	NaN	NaN	NaN	NaN	NaN	NaN	NaN	NaN	NaN	NaN
NaN	NaN	NaN	NaN	NaN	NaN	NaN	NaN	NaN	NaN	NaN	NaN
NaN	NaN	NaN	NaN	NaN	NaN	NaN	NaN	NaN	NaN	NaN	NaN
NaN	NaN	NaN	NaN	NaN	NaN	NaN	NaN	NaN	NaN	NaN	NaN
NaN	NaN	NaN	NaN	NaN	NaN	NaN	NaN	NaN	NaN	NaN	NaN
NaN	NaN	NaN	NaN	NaN	NaN	NaN	NaN	NaN	NaN	NaN	NaN
NaN	NaN	NaN	NaN	NaN	NaN	NaN	NaN	NaN	NaN	NaN	NaN
NaN	NaN	NaN	NaN	NaN	NaN	NaN	NaN	NaN	NaN	NaN	NaN
NaN	NaN	NaN	NaN	NaN	NaN	NaN	NaN	NaN	NaN	NaN	NaN
NaN	NaN	NaN	NaN	NaN	NaN	NaN	NaN	NaN	NaN	NaN	NaN
NaN	NaN	NaN	NaN	NaN	NaN	NaN	NaN	NaN	NaN	NaN	NaN
NaN	NaN	NaN	NaN	NaN	NaN	NaN	NaN	NaN	NaN	NaN	NaN
NaN	NaN	NaN	NaN	NaN	NaN	NaN	NaN	NaN	NaN	NaN	NaN
NaN	NaN	NaN	NaN	NaN	NaN	NaN	NaN	NaN	NaN	NaN	NaN
NaN	NaN	NaN	NaN	NaN	NaN	NaN	NaN	NaN	NaN	NaN	NaN
NaN	NaN	NaN	NaN	NaN	NaN	NaN	NaN	NaN	NaN	NaN	NaN
NaN	NaN	NaN	NaN	NaN	NaN	NaN	NaN	NaN	NaN	NaN	NaN
NaN	NaN	NaN	NaN	NaN	NaN	NaN	NaN	NaN	NaN	NaN	NaN
NaN	NaN	NaN	NaN	NaN	NaN	NaN	NaN	NaN	NaN	NaN	NaN
NaN	NaN	NaN	NaN	NaN	NaN	NaN	NaN	NaN	NaN	NaN	NaN
NaN	NaN	NaN	NaN	NaN	NaN	NaN	NaN	NaN	NaN	NaN	NaN
NaN	NaN	NaN	NaN	NaN	NaN	NaN	NaN	NaN	NaN	NaN	NaN
NaN	NaN	NaN	NaN	NaN	NaN	NaN	NaN	NaN	NaN	NaN	NaN
NaN	NaN	NaN	NaN	NaN	NaN	NaN	NaN	NaN	NaN	NaN	NaN
NaN	NaN	NaN	NaN	NaN	NaN	NaN	NaN	NaN	NaN	NaN	NaN
NaN	NaN	NaN	NaN	NaN	NaN	NaN	NaN	NaN	NaN	NaN	NaN
NaN	NaN	NaN	NaN	NaN	NaN	NaN	NaN	NaN	NaN	NaN	NaN
NaN	NaN	NaN	NaN	NaN	NaN	NaN	NaN	NaN	NaN	NaN	NaN
NaN	NaN	NaN	NaN	NaN	NaN	NaN	NaN	NaN	NaN	NaN	NaN
NaN	NaN	NaN	NaN	NaN	NaN	NaN	NaN	NaN	NaN	NaN	NaN
NaN	NaN	NaN	NaN	NaN	NaN	NaN	NaN	NaN	NaN	NaN	NaN
NaN	NaN	NaN	NaN	NaN	NaN	NaN	NaN	NaN	NaN	NaN	NaN
NaN	NaN	NaN	NaN	NaN	NaN	NaN	NaN	NaN	NaN	NaN	NaN
NaN	NaN	NaN	NaN	NaN	NaN	NaN	NaN	NaN	NaN	NaN	NaN
NaN	NaN	NaN	NaN	NaN	NaN	NaN	NaN	NaN	NaN	NaN	NaN
NaN	NaN	NaN	NaN	NaN	NaN	NaN	NaN	NaN	NaN	NaN	NaN
NaN	NaN	NaN	NaN	NaN	NaN	NaN	NaN	NaN	NaN	NaN	NaN
NaN	NaN	NaN	NaN	NaN	NaN	NaN	NaN	NaN	NaN	NaN	NaN
NaN	NaN	NaN	NaN	NaN	NaN	NaN	NaN	NaN	NaN	NaN	NaN
NaN	NaN	NaN	NaN	NaN	NaN	NaN	NaN	NaN	NaN	NaN	NaN
NaN	NaN	NaN	NaN	NaN	NaN	NaN	NaN	NaN	NaN	NaN	NaN
NaN	NaN	NaN	NaN	NaN	NaN	NaN	NaN	NaN	NaN	NaN	NaN
NaN	NaN	NaN	NaN	NaN	NaN	NaN	NaN	NaN	NaN	NaN	NaN
NaN	NaN	NaN	NaN	NaN	NaN	NaN	NaN	NaN	NaN	NaN	NaN
NaN	NaN	NaN	NaN	NaN	NaN	NaN	NaN	NaN	NaN	NaN	NaN
NaN	NaN	NaN	NaN	NaN	NaN	NaN	NaN	NaN	NaN	NaN	NaN
NaN	NaN	NaN	NaN	NaN	NaN	NaN	NaN	NaN	NaN	NaN	NaN
NaN	NaN	NaN	NaN	NaN	NaN	NaN	NaN	NaN	NaN	NaN	NaN
NaN	NaN	NaN	NaN	NaN	NaN	NaN	NaN	NaN	NaN	NaN	NaN
NaN	NaN	NaN	NaN	NaN	NaN	NaN	NaN	NaN	NaN	NaN	NaN
NaN	NaN	NaN	NaN	NaN	NaN	NaN	NaN	NaN	NaN	NaN	NaN
NaN	NaN	NaN	NaN	NaN	NaN	NaN	NaN	NaN	NaN	NaN	NaN
NaN	NaN	NaN	NaN	NaN	NaN	NaN	NaN	NaN	NaN	NaN	NaN
NaN	NaN	NaN	NaN	NaN	NaN	NaN	NaN	NaN	NaN	NaN	NaN
NaN	NaN	NaN	NaN	NaN	NaN	NaN	NaN	NaN	NaN	NaN	NaN
NaN	NaN	NaN	NaN	NaN	NaN	NaN	NaN	NaN	NaN	NaN	NaN
NaN	NaN	NaN	NaN	NaN	NaN	NaN	NaN	NaN	NaN	NaN	NaN
NaN	NaN	NaN	NaN	NaN	NaN	NaN	NaN	NaN	NaN	NaN	NaN
NaN	NaN	NaN	NaN	NaN	NaN	NaN	NaN	NaN	NaN	NaN	NaN
NaN	NaN	NaN	NaN	NaN	NaN	NaN	NaN	NaN	NaN	NaN	NaN
NaN	NaN	NaN	NaN	NaN	NaN	NaN	NaN	NaN	NaN	NaN	NaN
NaN	NaN	NaN	NaN	NaN	NaN	NaN	NaN	NaN	NaN	NaN	NaN
NaN	NaN	NaN	NaN	NaN	NaN	NaN	NaN	NaN	NaN	NaN	NaN
NaN	NaN	NaN	NaN	NaN	NaN	NaN	NaN	NaN	NaN	NaN	NaN
NaN	NaN	NaN	NaN	NaN	NaN	NaN	NaN	NaN	NaN	NaN	NaN
NaN	NaN	NaN	NaN	NaN	NaN	NaN	NaN	NaN	NaN	NaN	NaN
NaN	NaN	NaN	NaN	NaN	NaN	NaN	NaN	NaN	NaN	NaN	NaN
NaN	NaN	NaN	NaN	NaN	NaN	NaN	NaN	NaN	NaN	NaN	NaN
NaN	NaN	NaN	NaN	NaN	NaN	NaN	NaN	NaN	NaN	NaN	NaN
NaN	NaN	NaN	NaN	NaN	NaN	NaN	NaN	NaN	NaN	NaN	NaN
NaN	NaN	NaN	NaN	NaN	NaN	NaN	NaN	NaN	NaN	NaN	NaN
NaN	NaN	NaN	NaN	NaN	NaN	NaN	NaN	NaN	NaN	NaN	NaN
NaN	NaN	NaN	NaN	NaN	NaN	NaN	NaN	NaN	NaN	NaN	NaN
NaN	NaN	NaN	NaN	NaN	NaN	NaN	NaN	NaN	NaN	NaN	NaN
NaN	NaN	NaN	NaN	NaN	NaN	NaN	NaN	NaN	NaN	NaN	NaN
NaN	NaN	NaN	NaN	NaN	NaN	NaN	NaN	NaN	NaN	NaN	NaN
NaN	NaN	NaN	NaN	NaN	NaN	NaN	NaN	NaN	NaN	NaN	NaN
NaN	NaN	NaN	NaN	NaN	NaN	NaN	NaN	NaN	NaN	NaN	NaN
NaN	NaN	NaN	NaN	NaN	NaN	NaN	NaN	NaN	NaN	NaN	NaN
NaN	NaN	NaN	NaN	NaN	NaN	NaN	NaN	NaN	NaN	NaN	NaN
NaN	NaN	NaN	NaN	NaN	NaN	NaN	NaN	NaN	NaN	NaN	NaN
NaN	NaN	NaN	NaN	NaN	NaN	NaN	NaN	NaN	NaN	NaN	NaN
NaN	NaN	NaN	NaN	NaN	NaN	NaN	NaN	NaN	NaN	NaN	NaN
NaN	NaN	NaN	NaN	NaN	NaN	NaN	NaN	NaN	NaN	NaN	NaN
NaN	NaN	NaN	NaN	NaN	NaN	NaN	NaN	NaN	NaN	NaN	NaN
NaN	NaN	NaN	NaN	NaN	NaN	NaN	NaN	NaN	NaN	NaN	NaN
NaN	NaN	NaN	NaN	NaN	NaN	NaN	NaN	NaN	NaN	NaN	NaN
NaN	NaN	NaN	NaN	NaN	NaN	NaN	NaN	NaN	NaN	NaN	NaN
NaN	NaN	NaN	NaN	NaN	NaN	NaN	NaN	NaN	NaN	NaN	NaN
NaN	NaN	NaN	NaN	NaN	NaN	NaN	NaN	NaN	NaN	NaN	NaN
NaN	NaN	NaN	NaN	NaN	NaN	NaN	NaN	NaN	NaN	NaN	NaN
NaN	NaN	NaN	NaN	NaN	NaN	NaN	NaN	NaN	NaN	NaN	NaN
NaN	NaN	NaN	NaN	NaN	NaN	NaN	NaN	NaN	NaN	NaN	NaN
NaN	NaN	NaN	NaN	NaN	NaN	NaN	NaN	NaN	NaN	NaN	NaN
NaN	NaN	NaN	NaN	NaN	NaN	NaN	NaN	NaN	NaN	NaN	NaN
NaN	NaN	NaN	NaN	NaN	NaN	NaN	NaN	NaN	NaN	NaN	NaN
NaN	NaN	NaN	NaN	NaN	NaN	NaN	NaN	NaN	NaN	NaN	NaN
NaN	NaN	NaN	NaN	NaN	NaN	NaN	NaN	NaN	NaN	NaN	NaN
NaN	NaN	NaN	NaN	NaN	NaN	NaN	NaN	NaN	NaN	NaN	NaN
NaN	NaN	NaN	NaN	NaN	NaN	NaN	NaN	NaN	NaN	NaN	NaN
NaN	NaN	NaN	NaN	NaN	NaN	NaN	NaN	NaN	NaN	NaN	NaN
NaN	NaN	NaN	NaN	NaN	NaN	NaN	NaN	NaN	NaN	NaN	NaN
NaN	NaN	NaN	NaN	NaN	NaN	NaN	NaN	NaN	NaN	NaN	NaN
NaN	NaN	NaN	NaN	NaN	NaN	NaN	NaN	NaN	NaN	NaN	NaN
NaN	NaN	NaN	NaN	NaN	NaN	NaN	NaN	NaN	NaN	NaN	NaN
NaN	NaN	NaN	NaN	NaN	NaN	NaN	NaN	NaN	NaN	NaN	NaN
NaN	NaN	NaN	NaN	NaN	NaN	NaN	NaN	NaN	NaN	NaN	NaN
NaN	NaN	NaN	NaN	NaN	NaN	NaN	NaN	NaN	NaN	NaN	NaN
NaN	NaN	NaN	NaN	NaN	NaN	NaN	NaN	NaN	NaN	NaN	NaN
NaN	NaN	NaN	NaN	NaN	NaN	NaN	NaN	NaN	NaN	NaN	NaN
NaN	NaN	NaN	NaN	NaN	NaN	NaN	NaN	NaN	NaN	NaN	NaN
NaN	NaN	NaN	NaN	NaN	NaN	NaN	NaN	NaN	NaN	NaN	NaN
NaN	NaN	NaN	NaN	NaN	NaN	NaN	NaN	NaN	NaN	NaN	NaN
NaN	NaN	NaN	NaN	NaN	NaN	NaN	NaN	NaN	NaN	NaN	NaN
NaN	NaN	NaN	NaN	NaN	NaN	NaN	NaN	NaN	NaN	NaN	NaN
NaN	NaN	NaN	NaN	NaN	NaN	NaN	NaN	NaN	NaN	NaN	NaN
NaN	NaN	NaN	NaN	NaN	NaN	NaN	NaN	NaN	NaN	NaN	NaN
NaN	NaN	NaN	NaN	NaN	NaN	NaN	NaN	NaN	NaN	NaN	NaN
NaN	NaN	NaN	NaN	NaN	NaN	NaN	NaN	NaN	NaN	NaN	NaN
NaN	NaN	NaN	NaN	NaN	NaN	NaN	NaN	NaN	NaN	NaN	NaN
NaN	NaN	NaN	NaN	NaN	NaN	NaN	NaN	NaN	NaN	NaN	NaN
NaN	NaN	NaN	NaN	NaN	NaN	NaN	NaN	NaN	NaN	NaN	NaN
NaN	NaN	NaN	NaN	NaN	NaN	NaN	NaN	NaN	NaN	NaN	NaN
NaN	NaN	NaN	NaN	NaN	NaN	NaN	NaN	NaN	NaN	NaN	NaN
NaN	NaN	NaN	NaN	NaN	NaN	NaN	NaN	NaN	NaN	NaN	NaN
NaN	NaN	NaN	NaN	NaN	NaN	NaN	NaN	NaN	NaN	NaN	NaN
NaN	NaN	NaN	NaN	NaN	NaN	NaN	NaN	NaN	NaN	NaN	NaN
NaN	NaN	NaN	NaN	NaN	NaN	NaN	NaN	NaN	NaN	NaN	NaN
NaN	NaN	NaN	NaN	NaN	NaN	NaN	NaN	NaN	NaN	NaN	NaN
NaN	NaN	NaN	NaN	NaN	NaN	NaN	NaN	NaN	NaN	NaN	NaN
NaN	NaN	NaN	NaN	NaN	NaN	NaN	NaN	NaN	NaN	NaN	NaN
NaN	NaN	NaN	NaN	NaN	NaN	NaN	NaN	NaN	NaN	NaN	NaN
NaN	NaN	NaN	NaN	NaN	NaN	NaN	NaN	NaN	NaN	NaN	NaN
NaN	NaN	NaN	NaN	NaN	NaN	NaN	NaN	NaN	NaN	NaN	NaN
NaN	NaN	NaN	NaN	NaN	NaN	NaN	NaN	NaN	NaN	NaN	NaN
NaN	NaN	NaN	NaN	NaN	NaN	NaN	NaN	NaN	NaN	NaN	NaN
NaN	NaN	NaN	NaN	NaN	NaN	NaN	NaN	NaN	NaN	NaN	NaN
NaN	NaN	NaN	NaN	NaN	NaN	NaN	NaN	NaN	NaN	NaN	NaN
NaN	NaN	NaN	NaN	NaN	NaN	NaN	NaN	NaN	NaN	NaN	NaN
NaN	NaN	NaN	NaN	NaN	NaN	NaN	NaN	NaN	NaN	NaN	NaN
NaN	NaN	NaN	NaN	NaN	NaN	NaN	NaN	NaN	NaN	NaN	NaN
NaN	NaN	NaN	NaN	NaN	NaN	NaN	NaN	NaN	NaN	NaN	NaN
NaN	NaN	NaN	NaN	NaN	NaN	NaN	NaN	NaN	NaN	NaN	NaN
NaN	NaN	NaN	NaN	NaN	NaN	NaN	NaN	NaN	NaN	NaN	NaN
NaN	NaN	NaN	NaN	NaN	NaN	NaN	NaN	NaN	NaN	NaN	NaN
NaN	NaN	NaN	NaN	NaN	NaN	NaN	NaN	NaN	NaN	NaN	NaN
NaN	NaN	NaN	NaN	NaN	NaN	NaN	NaN	NaN	NaN	NaN	NaN
NaN	NaN	NaN	NaN	NaN	NaN	NaN	NaN	NaN	NaN	NaN	NaN
NaN	NaN	NaN	NaN	NaN	NaN	NaN	NaN	NaN	NaN	NaN	NaN
NaN	NaN	NaN	NaN	NaN	NaN	NaN	NaN	NaN	NaN	NaN	NaN
NaN	NaN	NaN	NaN	NaN	NaN	NaN	NaN	NaN	NaN	NaN	NaN
NaN	NaN	NaN	NaN	NaN	NaN	NaN	NaN	NaN	NaN	NaN	NaN
NaN	NaN	NaN	NaN	NaN	NaN	NaN	NaN	NaN	NaN	NaN	NaN
NaN	NaN	NaN	NaN	NaN	NaN	NaN	NaN	NaN	NaN	NaN	NaN
NaN	NaN	NaN	NaN	NaN	NaN	NaN	NaN	NaN	NaN	NaN	NaN
NaN	NaN	NaN	NaN	NaN	NaN	NaN	NaN	NaN	NaN	NaN	NaN
NaN	NaN	NaN	NaN	NaN	NaN	NaN	NaN	NaN	NaN	NaN	NaN
NaN	NaN	NaN	NaN	NaN	NaN	NaN	NaN	NaN	NaN	NaN	NaN
NaN	NaN	NaN	NaN	NaN	NaN	NaN	NaN	NaN	NaN	NaN	NaN
NaN	NaN	NaN	NaN	NaN	NaN	NaN	NaN	NaN	NaN	NaN	NaN
NaN	NaN	NaN	NaN	NaN	NaN	NaN	NaN	NaN	NaN	NaN	NaN
NaN	NaN	NaN	NaN	NaN	NaN	NaN	NaN	NaN	NaN	NaN	NaN
NaN	NaN	NaN	NaN	NaN	NaN	NaN	NaN	NaN	NaN	NaN	NaN
NaN	NaN	NaN	NaN	NaN	NaN	NaN	NaN	NaN	NaN	NaN	NaN
NaN	NaN	NaN	NaN	NaN	NaN	NaN	NaN	NaN	NaN	NaN	NaN
NaN	NaN	NaN	NaN	NaN	NaN	NaN	NaN	NaN	NaN	NaN	NaN
NaN	NaN	NaN	NaN	NaN	NaN	NaN	NaN	NaN	NaN	NaN	NaN
NaN	NaN	NaN	NaN	NaN	NaN	NaN	NaN	NaN	NaN	NaN	NaN
NaN	NaN	NaN	NaN	NaN	NaN	NaN	NaN	NaN	NaN	NaN	NaN
NaN	NaN	NaN	NaN	NaN	NaN	NaN	NaN	NaN	NaN	NaN	NaN
NaN	NaN	NaN	NaN	NaN	NaN	NaN	NaN	NaN	NaN	NaN	NaN
NaN	NaN	NaN	NaN	NaN	NaN	NaN	NaN	NaN	NaN	NaN	NaN
NaN	NaN	NaN	NaN	NaN	NaN	NaN	NaN	NaN	NaN	NaN	NaN
NaN	NaN	NaN	NaN	NaN	NaN	NaN	NaN	NaN	NaN	NaN	NaN
NaN	NaN	NaN	NaN	NaN	NaN	NaN	NaN	NaN	NaN	NaN	NaN
NaN	NaN	NaN	NaN	NaN	NaN	NaN	NaN	NaN	NaN	NaN	NaN
NaN	NaN	NaN	NaN	NaN	NaN	NaN	NaN	NaN	NaN	NaN	NaN
NaN	NaN	NaN	NaN	NaN	NaN	NaN	NaN	NaN	NaN	NaN	NaN
NaN	NaN	NaN	NaN	NaN	NaN	NaN	NaN	NaN	NaN	NaN	NaN
NaN	NaN	NaN	NaN	NaN	NaN	NaN	NaN	NaN	NaN	NaN	NaN
NaN	NaN	NaN	NaN	NaN	NaN	NaN	NaN	NaN	NaN	NaN	NaN
NaN	NaN	NaN	NaN	NaN	NaN	NaN	NaN	NaN	NaN	NaN	NaN
NaN	NaN	NaN	NaN	NaN	NaN	NaN	NaN	NaN	NaN	NaN	NaN
NaN	NaN	NaN	NaN	NaN	NaN	NaN	NaN	NaN	NaN	NaN	NaN
NaN	NaN	NaN	NaN	NaN	NaN	NaN	NaN	NaN	NaN	NaN	NaN
NaN	NaN	NaN	NaN	NaN	NaN	NaN	NaN	NaN	NaN	NaN	NaN
NaN	NaN	NaN	NaN	NaN	NaN	NaN	NaN	NaN	NaN	NaN	NaN
NaN	NaN	NaN	NaN	NaN	NaN	NaN	NaN	NaN	NaN	NaN	NaN
NaN	NaN	NaN	NaN	NaN	NaN	NaN	NaN	NaN	NaN	NaN	NaN
NaN	NaN	NaN	NaN	NaN	NaN	NaN	NaN	NaN	NaN	NaN	NaN
NaN	NaN	NaN	NaN	NaN	NaN	NaN	NaN	NaN	NaN	NaN	NaN
NaN	NaN	NaN	NaN	NaN	NaN	NaN	NaN	NaN	NaN	NaN	NaN
NaN	NaN	NaN	NaN	NaN	NaN	NaN	NaN	NaN	NaN	NaN	NaN
NaN	NaN	NaN	NaN	NaN	NaN	NaN	NaN	NaN	NaN	NaN	NaN
NaN	NaN	NaN	NaN	NaN	NaN	NaN	NaN	NaN	NaN	NaN	NaN
NaN	NaN	NaN	NaN	NaN	NaN	NaN	NaN	NaN	NaN	NaN	NaN
NaN	NaN	NaN	NaN	NaN	NaN	NaN	NaN	NaN	NaN	NaN	NaN
NaN	NaN	NaN	NaN	NaN	NaN	NaN	NaN	NaN	NaN	NaN	NaN
NaN	NaN	NaN	NaN	NaN	NaN	NaN	NaN	NaN	NaN	NaN	NaN
NaN	NaN	NaN	NaN	NaN	NaN	NaN	NaN	NaN	NaN	NaN	NaN
NaN	NaN	NaN	NaN	NaN	NaN	NaN	NaN	NaN	NaN	NaN	NaN
NaN	NaN	NaN	NaN	NaN	NaN	NaN	NaN	NaN	NaN	NaN	NaN
NaN	NaN	NaN	NaN	NaN	NaN	NaN	NaN	NaN	NaN	NaN	NaN
NaN	NaN	NaN	NaN	NaN	NaN	NaN	NaN	NaN	NaN	NaN	NaN
NaN	NaN	NaN	NaN	NaN	NaN	NaN	NaN	NaN	NaN	NaN	NaN
NaN	NaN	NaN	NaN	NaN	NaN	NaN	NaN	NaN	NaN	NaN	NaN
NaN	NaN	NaN	NaN	NaN	NaN	NaN	NaN	NaN	NaN	NaN	NaN
NaN	NaN	NaN	NaN	NaN	NaN	NaN	NaN	NaN	NaN	NaN	NaN
NaN	NaN	NaN	NaN	NaN	NaN	NaN	NaN	NaN	NaN	NaN	NaN
NaN	NaN	NaN	NaN	NaN	NaN	NaN	NaN	NaN	NaN	NaN	NaN
NaN	NaN	NaN	NaN	NaN	NaN	NaN	NaN	NaN	NaN	NaN	NaN
NaN	NaN	NaN	NaN	NaN	NaN	NaN	NaN	NaN	NaN	NaN	NaN
NaN	NaN	NaN	NaN	NaN	NaN	NaN	NaN	NaN	NaN	NaN	NaN
NaN	NaN	NaN	NaN	NaN	NaN	NaN	NaN	NaN	NaN	NaN	NaN
NaN	NaN	NaN	NaN	NaN	NaN	NaN	NaN	NaN	NaN	NaN	NaN
NaN	NaN	NaN	NaN	NaN	NaN	NaN	NaN	NaN	NaN	NaN	NaN
NaN	NaN	NaN	NaN	NaN	NaN	NaN	NaN	NaN	NaN	NaN	NaN
NaN	NaN	NaN	NaN	NaN	NaN	NaN	NaN	NaN	NaN	NaN	NaN
NaN	NaN	NaN	NaN	NaN	NaN	NaN	NaN	NaN	NaN	NaN	NaN
NaN	NaN	NaN	NaN	NaN	NaN	NaN	NaN	NaN	NaN	NaN	NaN
NaN	NaN	NaN	NaN	NaN	NaN	NaN	NaN	NaN	NaN	NaN	NaN
NaN	NaN	NaN	NaN	NaN	NaN	NaN	NaN	NaN	NaN	NaN	NaN
NaN	NaN	NaN	NaN	NaN	NaN	NaN	NaN	NaN	NaN	NaN	NaN
NaN	NaN	NaN	NaN	NaN	NaN	NaN	NaN	NaN	NaN	NaN	NaN
NaN	NaN	NaN	NaN	NaN	NaN	NaN	NaN	NaN	NaN	NaN	NaN
NaN	NaN	NaN	NaN	NaN	NaN	NaN	NaN	NaN	NaN	NaN	NaN
NaN	NaN	NaN	NaN	NaN	NaN	NaN	NaN	NaN	NaN	NaN	NaN
NaN	NaN	NaN	NaN	NaN	NaN	NaN	NaN	NaN	NaN	NaN	NaN
NaN	NaN	NaN	NaN	NaN	NaN	NaN	NaN	NaN	NaN	NaN	NaN
NaN	NaN	NaN	NaN	NaN	NaN	NaN	NaN	NaN	NaN	NaN	NaN
NaN	NaN	NaN	NaN	NaN	NaN	NaN	NaN	NaN	NaN	NaN	NaN
NaN	NaN	NaN	NaN	NaN	NaN	NaN	NaN	NaN	NaN	NaN	NaN
NaN	NaN	NaN	NaN	NaN	NaN	NaN	NaN	NaN	NaN	NaN	NaN
NaN	NaN	NaN	NaN	NaN	NaN	NaN	NaN	NaN	NaN	NaN	NaN
NaN	NaN	NaN	NaN	NaN	NaN	NaN	NaN	NaN	NaN	NaN	NaN
NaN	NaN	NaN	NaN	NaN	NaN	NaN	NaN	NaN	NaN	NaN	NaN
NaN	NaN	NaN	NaN	NaN	NaN	NaN	NaN	NaN	NaN	NaN	NaN
NaN	NaN	NaN	NaN	NaN	NaN	NaN	NaN	NaN	NaN	NaN	NaN
NaN	NaN	NaN	NaN	NaN	NaN	NaN	NaN	NaN	NaN	NaN	NaN
NaN	NaN	NaN	NaN	NaN	NaN	NaN	NaN	NaN	NaN	NaN	NaN
NaN	NaN	NaN	NaN	NaN	NaN	NaN	NaN	NaN	NaN	NaN	NaN
NaN	NaN	NaN	NaN	NaN	NaN	NaN	NaN	NaN	NaN	NaN	NaN
NaN	NaN	NaN	NaN	NaN	NaN	NaN	NaN	NaN	NaN	NaN	NaN
NaN	NaN	NaN	NaN	NaN	NaN	NaN	NaN	NaN	NaN	NaN	NaN
NaN	NaN	NaN	NaN	NaN	NaN	NaN	NaN	NaN	NaN	NaN	NaN
NaN	NaN	NaN	NaN	NaN	NaN	NaN	NaN	NaN	NaN	NaN	NaN
NaN	NaN	NaN	NaN	NaN	NaN	NaN	NaN	NaN	NaN	NaN	NaN
NaN	NaN	NaN	NaN	NaN	NaN	NaN	NaN	NaN	NaN	NaN	NaN
NaN	NaN	NaN	NaN	NaN	NaN	NaN	NaN	NaN	NaN	NaN	NaN
NaN	NaN	NaN	NaN	NaN	NaN	NaN	NaN	NaN	NaN	NaN	NaN
NaN	NaN	NaN	NaN	NaN	NaN	NaN	NaN	NaN	NaN	NaN	NaN
NaN	NaN	NaN	NaN	NaN	NaN	NaN	NaN	NaN	NaN	NaN	NaN
NaN	NaN	NaN	NaN	NaN	NaN	NaN	NaN	NaN	NaN	NaN	NaN
NaN	NaN	NaN	NaN	NaN	NaN	NaN	NaN	NaN	NaN	NaN	NaN
NaN	NaN	NaN	NaN	NaN	NaN	NaN	NaN	NaN	NaN	NaN	NaN
NaN	NaN	NaN	NaN	NaN	NaN	NaN	NaN	NaN	NaN	NaN	NaN
NaN	NaN	NaN	NaN	NaN	NaN	NaN	NaN	NaN	NaN	NaN	NaN
NaN	NaN	NaN	NaN	NaN	NaN	NaN	NaN	NaN	NaN	NaN	NaN
NaN	NaN	NaN	NaN	NaN	NaN	NaN	NaN	NaN	NaN	NaN	NaN
NaN	NaN	NaN	NaN	NaN	NaN	NaN	NaN	NaN	NaN	NaN	NaN
NaN	NaN	NaN	NaN	NaN	NaN	NaN	NaN	NaN	NaN	NaN	NaN
NaN	NaN	NaN	NaN	NaN	NaN	NaN	NaN	NaN	NaN	NaN	NaN
NaN	NaN	NaN	NaN	NaN	NaN	NaN	NaN	NaN	NaN	NaN	NaN
NaN	NaN	NaN	NaN	NaN	NaN	NaN	NaN	NaN	NaN	NaN	NaN
NaN	NaN	NaN	NaN	NaN	NaN	NaN	NaN	NaN	NaN	NaN	NaN
NaN	NaN	NaN	NaN	NaN	NaN	NaN	NaN	NaN	NaN	NaN	NaN
NaN	NaN	NaN	NaN	NaN	NaN	NaN	NaN	NaN	NaN	NaN	NaN
NaN	NaN	NaN	NaN	NaN	NaN	NaN	NaN	NaN	NaN	NaN	NaN
NaN	NaN	NaN	NaN	NaN	NaN	NaN	NaN	NaN	NaN	NaN	NaN
NaN	NaN	NaN	NaN	NaN	NaN	NaN	NaN	NaN	NaN	NaN	NaN
NaN	NaN	NaN	NaN	NaN	NaN	NaN	NaN	NaN	NaN	NaN	NaN
NaN	NaN	NaN	NaN	NaN	NaN	NaN	NaN	NaN	NaN	NaN	NaN
NaN	NaN	NaN	NaN	NaN	NaN	NaN	NaN	NaN	NaN	NaN	NaN
NaN	NaN	NaN	NaN	NaN	NaN	NaN	NaN	NaN	NaN	NaN	NaN
NaN	NaN	NaN	NaN	NaN	NaN	NaN	NaN	NaN	NaN	NaN	NaN
NaN	NaN	NaN	NaN	NaN	NaN	NaN	NaN	NaN	NaN	NaN	NaN
NaN	NaN	NaN	NaN	NaN	NaN	NaN	NaN	NaN	NaN	NaN	NaN
NaN	NaN	NaN	NaN	NaN	NaN	NaN	NaN	NaN	NaN	NaN	NaN
NaN	NaN	NaN	NaN	NaN	NaN	NaN	NaN	NaN	NaN	NaN	NaN
NaN	NaN	NaN	NaN	NaN	NaN	NaN	NaN	NaN	NaN	NaN	NaN
NaN	NaN	NaN	NaN	NaN	NaN	NaN	NaN	NaN	NaN	NaN	NaN
NaN	NaN	NaN	NaN	NaN	NaN	NaN	NaN	NaN	NaN	NaN	NaN
NaN	NaN	NaN	NaN	NaN	NaN	NaN	NaN	NaN	NaN	NaN	NaN
NaN	NaN	NaN	NaN	NaN	NaN	NaN	NaN	NaN	NaN	NaN	NaN
NaN	NaN	NaN	NaN	NaN	NaN	NaN	NaN	NaN	NaN	NaN	NaN
NaN	NaN	NaN	NaN	NaN	NaN	NaN	NaN	NaN	NaN	NaN	NaN
NaN	NaN	NaN	NaN	NaN	NaN	NaN	NaN	NaN	NaN	NaN	NaN
NaN	NaN	NaN	NaN	NaN	NaN	NaN	NaN	NaN	NaN	NaN	NaN
NaN	NaN	NaN	NaN	NaN	NaN	NaN	NaN	NaN	NaN	NaN	NaN
NaN	NaN	NaN	NaN	NaN	NaN	NaN	NaN	NaN	NaN	NaN	NaN
NaN	NaN	NaN	NaN	NaN	NaN	NaN	NaN	NaN	NaN	NaN	NaN
NaN	NaN	NaN	NaN	NaN	NaN	NaN	NaN	NaN	NaN	NaN	NaN
NaN	NaN	NaN	NaN	NaN	NaN	NaN	NaN	NaN	NaN	NaN	NaN
NaN	NaN	NaN	NaN	NaN	NaN	NaN	NaN	NaN	NaN	NaN	NaN
NaN	NaN	NaN	NaN	NaN	NaN	NaN	NaN	NaN	NaN	NaN	NaN
NaN	NaN	NaN	NaN	NaN	NaN	NaN	NaN	NaN	NaN	NaN	NaN
NaN	NaN	NaN	NaN	NaN	NaN	NaN	NaN	NaN	NaN	NaN	NaN
NaN	NaN	NaN	NaN	NaN	NaN	NaN	NaN	NaN	NaN	NaN	NaN
NaN	NaN	NaN	NaN	NaN	NaN	NaN	NaN	NaN	NaN	NaN	NaN
NaN	NaN	NaN	NaN	NaN	NaN	NaN	NaN	NaN	NaN	NaN	NaN
NaN	NaN	NaN	NaN	NaN	NaN	NaN	NaN	NaN	NaN	NaN	NaN
NaN	NaN	NaN	NaN	NaN	NaN	NaN	NaN	NaN	NaN	NaN	NaN
NaN	NaN	NaN	NaN	NaN	NaN	NaN	NaN	NaN	NaN	NaN	NaN
NaN	NaN	NaN	NaN	NaN	NaN	NaN	NaN	NaN	NaN	NaN	NaN
NaN	NaN	NaN	NaN	NaN	NaN	NaN	NaN	NaN	NaN	NaN	NaN
NaN	NaN	NaN	NaN	NaN	NaN	NaN	NaN	NaN	NaN	NaN	NaN
NaN	NaN	NaN	NaN	NaN	NaN	NaN	NaN	NaN	NaN	NaN	NaN
NaN	NaN	NaN	NaN	NaN	NaN	NaN	NaN	NaN	NaN	NaN	NaN
NaN	NaN	NaN	NaN	NaN	NaN	NaN	NaN	NaN	NaN	NaN	NaN
NaN	NaN	NaN	NaN	NaN	NaN	NaN	NaN	NaN	NaN	NaN	NaN
NaN	NaN	NaN	NaN	NaN	NaN	NaN	NaN	NaN	NaN	NaN	NaN
NaN	NaN	NaN	NaN	NaN	NaN	NaN	NaN	NaN	NaN	NaN	NaN
NaN	NaN	NaN	NaN	NaN	NaN	NaN	NaN	NaN	NaN	NaN	NaN
NaN	NaN	NaN	NaN	NaN	NaN	NaN	NaN	NaN	NaN	NaN	NaN
NaN	NaN	NaN	NaN	NaN	NaN	NaN	NaN	NaN	NaN	NaN	NaN
NaN	NaN	NaN	NaN	NaN	NaN	NaN	NaN	NaN	NaN	NaN	NaN
NaN	NaN	NaN	NaN	NaN	NaN	NaN	NaN	NaN	NaN	NaN	NaN
NaN	NaN	NaN	NaN	NaN	NaN	NaN	NaN	NaN	NaN	NaN	NaN
NaN	NaN	NaN	NaN	NaN	NaN	NaN	NaN	NaN	NaN	NaN	NaN
NaN	NaN	NaN	NaN	NaN	NaN	NaN	NaN	NaN	NaN	NaN	NaN
NaN	NaN	NaN	NaN	NaN	NaN	NaN	NaN	NaN	NaN	NaN	NaN
NaN	NaN	NaN	NaN	NaN	NaN	NaN	NaN	NaN	NaN	NaN	NaN
NaN	NaN	NaN	NaN	NaN	NaN	NaN	NaN	NaN	NaN	NaN	NaN
NaN	NaN	NaN	NaN	NaN	NaN	NaN	NaN	NaN	NaN	NaN	NaN
NaN	NaN	NaN	NaN	NaN	NaN	NaN	NaN	NaN	NaN	NaN	NaN
