t1		pd1			t2		pd2			t3		pd3			t4		pd4			t5		pd5			t6		pd6
0.01	0.134951953	0.01	0.135443326	0.01	0.135935284	0.01	0.136427657	0.01	0.136920276	0.01	0.137412972
0.02	0.200274292	0.02	0.201051345	0.02	0.201828761	0.02	0.202606284	0.02	0.203383658	0.02	0.204160627
0.03	0.264156321	0.03	0.265245714	0.03	0.266334909	0.03	0.26742356	0.03	0.268511323	0.03	0.269597855
0.04	0.326597072	0.04	0.328025494	0.04	0.329452814	0.04	0.3308786	0.04	0.332302417	0.04	0.333723832
0.05	0.387595565	0.05	0.389389731	0.05	0.391181553	0.05	0.392970508	0.05	0.394756071	0.05	0.396537717
0.06	0.447150808	0.06	0.449337459	0.06	0.451520184	0.06	0.453698371	0.06	0.455871401	0.06	0.458038657
0.07	0.505261794	0.07	0.507867698	0.07	0.510467757	0.07	0.513061264	0.07	0.51564751	0.07	0.518225782
0.08	0.561927506	0.08	0.564979457	0.08	0.568023305	0.08	0.571058249	0.08	0.574083486	0.08	0.57709821
0.09	0.617146914	0.09	0.620671731	0.09	0.62418585	0.09	0.627688375	0.09	0.631178407	0.09	0.634655044
0.1	0.670918977	0.1	0.674943504	0.1	0.678954401	0.1	0.682950676	0.1	0.686931333	0.1	0.690895373
0.11	0.723242641	0.11	0.727793749	0.11	0.732327957	0.11	0.736844177	0.11	0.741341316	0.11	0.745818275
0.12	0.774116843	0.12	0.779221426	0.12	0.784305503	0.12	0.789367888	0.12	0.794407391	0.12	0.799422814
0.13	0.823540507	0.13	0.829225483	0.13	0.834886011	0.13	0.840520809	0.13	0.846128584	0.13	0.851708039
0.14	0.871512547	0.14	0.877804858	0.14	0.884068446	0.14	0.890301926	0.14	0.896503907	0.14	0.902672991
0.15	0.918031867	0.15	0.92495848	0.15	0.931851758	0.15	0.938710215	0.15	0.945532361	0.15	0.952316695
0.16	0.963097361	0.16	0.970685265	0.16	0.978234887	0.16	0.985744642	0.16	0.993212937	0.16	1.000638167
0.17	1.006707911	0.17	1.014984119	0.17	1.023216764	0.17	1.03140416	0.17	1.039544611	0.17	1.047636408
0.18	1.048862391	0.18	1.057853938	0.18	1.066796308	0.18	1.075687712	0.18	1.084526351	0.18	1.093310412
0.19	1.089559665	0.19	1.09929361	0.19	1.108972429	0.19	1.118594232	0.19	1.128157114	0.19	1.137659158
0.2	1.128798589	0.2	1.13930201	0.2	1.149744026	0.2	1.16012264	0.2	1.170435845	0.2	1.180681617
0.21	1.166578007	0.21	1.177878007	0.21	1.189109988	0.21	1.20027185	0.21	1.21136148	0.21	1.222376747
0.22	1.202896757	0.22	1.21502046	0.22	1.227069197	0.22	1.239040765	0.22	1.250932944	0.22	1.262743498
0.23	1.237753667	0.23	1.250728217	0.23	1.263620524	0.23	1.276428278	0.23	1.289149154	0.23	1.301780808
0.24	1.271147558	0.24	1.28500012	0.24	1.29876283	0.24	1.312433273	0.24	1.326009016	0.24	1.339487606
0.25	1.303077239	0.25	1.317835001	0.25	1.33249497	0.25	1.347054626	0.25	1.361511427	0.25	1.375862812
0.26	1.333541517	0.26	1.349231685	0.26	1.364815789	0.26	1.380291202	0.26	1.395655274	0.26	1.410905335
0.27	1.362539186	0.27	1.379188989	0.27	1.395724124	0.27	1.412141859	0.27	1.428439436	0.27	1.444614076
0.28	1.390069036	0.28	1.407705719	0.28	1.425218804	0.28	1.442605447	0.28	1.459862785	0.28	1.476987927
0.29	1.416129847	0.29	1.434780679	0.29	1.453298649	0.29	1.471680808	0.29	1.489924182	0.29	1.508025771
0.3	1.440720395	0.3	1.460412661	0.3	1.479962473	0.3	1.499366774	0.3	1.518622482	0.3	1.537726483
0.31	1.463839446	0.31	1.484600452	0.31	1.505209082	0.31	1.525662172	0.31	1.545956529	0.31	1.566088929
0.32	1.485485761	0.32	1.507342832	0.32	1.529037276	0.32	1.55056582	0.32	1.571925163	0.32	1.593111968
0.33	1.505658095	0.33	1.528638573	0.33	1.551445845	0.33	1.57407653	0.33	1.596527214	0.33	1.618794451
0.34	1.524355195	0.34	1.548486443	0.34	1.572433576	0.34	1.596193104	0.34	1.619761505	0.34	1.643135221
0.35	1.541575804	0.35	1.566885202	0.35	1.591999247	0.35	1.616914342	0.35	1.641626854	0.35	1.666133113
0.36	1.557318658	0.36	1.583833603	0.36	1.61014163	0.36	1.636239033	0.36	1.66212207	0.36	1.687786957
0.37	1.571582488	0.37	1.599330395	0.37	1.626859492	0.37	1.654165963	0.37	1.681245955	0.37	1.708095573
0.38	1.584366018	0.38	1.613374322	0.38	1.642151593	0.38	1.670693909	0.38	1.698997306	0.38	1.727057778
0.39	1.59566797	0.39	1.625964119	0.39	1.656016687	0.39	1.685821644	0.39	1.715374914	0.39	1.744672379
0.4	1.605487056	0.4	1.637098518	0.4	1.668453524	0.4	1.699547934	0.4	1.730377563	0.4	1.76093818
0.41	1.613821989	0.41	1.646776248	0.41	1.679460848	0.41	1.71187154	0.41	1.744004031	0.41	1.775853975
0.42	1.620671473	0.42	1.654996029	0.42	1.689037396	0.42	1.722791219	0.42	1.756253091	0.42	1.789418556
0.43	1.626034209	0.43	1.661756579	0.43	1.697181904	0.43	1.73230572	0.43	1.767123511	0.43	1.801630708
0.44	1.629908893	0.44	1.667056611	0.44	1.7038931	0.44	1.740413789	0.44	1.776614052	0.44	1.812489209
0.45	1.632294219	0.45	1.670894833	0.45	1.709169709	0.45	1.747114167	0.45	1.784723473	0.45	1.821992834
0.46	1.633188875	0.46	1.673269949	0.46	1.71301045	0.46	1.75240559	0.46	1.791450525	0.46	1.830140351
0.47	1.632591547	0.47	1.674180661	0.47	1.71541404	0.47	1.756286789	0.47	1.796793956	0.47	1.836930524
0.48	1.630500915	0.48	1.673625664	0.48	1.716379191	0.48	1.758756494	0.48	1.80075251	0.48	1.842362114
0.49	1.626915658	0.49	1.671603653	0.49	1.715904611	0.49	1.759813426	0.49	1.803324926	0.49	1.846433874
0.5	1.62183445	0.5	1.668113316	0.5	1.713989006	0.5	1.759456306	0.5	1.804509939	0.5	1.849144555
0.51	1.616687807	0.51	1.664556423	0.51	1.712005689	0.51	1.759030284	0.51	1.805624823	0.51	1.851783847
0.52	1.611475769	0.52	1.660933021	0.52	1.709954711	0.52	1.758535415	0.52	1.806669639	0.52	1.854351815
0.53	1.606198379	0.53	1.657243155	0.53	1.707836123	0.53	1.757971754	0.53	1.807644447	0.53	1.856848524
0.54	1.600855678	0.54	1.653486871	0.54	1.705649975	0.54	1.757339356	0.54	1.808549306	0.54	1.85927404
0.55	1.59544771	0.55	1.649664216	0.55	1.703396318	0.55	1.756638276	0.55	1.809384277	0.55	1.861628427
0.56	1.589974514	0.56	1.645775235	0.56	1.7010752	0.56	1.755868568	0.56	1.810149418	0.56	1.863911749
0.57	1.584436133	0.57	1.641819973	0.57	1.698686672	0.57	1.755030285	0.57	1.810844788	0.57	1.86612407
0.58	1.578832608	0.58	1.637798476	0.58	1.696230783	0.58	1.754123484	0.58	1.811470447	0.58	1.868265456
0.59	1.573163981	0.59	1.633710788	0.59	1.693707583	0.59	1.753148216	0.59	1.812026452	0.59	1.870335968
0.6	1.567430291	0.6	1.629556955	0.6	1.69111712	0.6	1.752104535	0.6	1.812512862	0.6	1.872335671
0.61	1.561631581	0.61	1.625337022	0.61	1.688459444	0.61	1.750992496	0.61	1.812929735	0.61	1.874264628
0.62	1.55576789	0.62	1.621051033	0.62	1.685734604	0.62	1.749812151	0.62	1.81327713	0.62	1.876122901
0.63	1.54983926	0.63	1.616699032	0.63	1.682942647	0.63	1.748563552	0.63	1.813555103	0.63	1.877910553
0.64	1.543845731	0.64	1.612281065	0.64	1.680083623	0.64	1.747246754	0.64	1.813763711	0.64	1.879627646
0.65	1.537787342	0.65	1.607797174	0.65	1.677157579	0.65	1.745861808	0.65	1.813903014	0.65	1.881274243
0.66	1.531664135	0.66	1.603247404	0.66	1.674164564	0.66	1.744408767	0.66	1.813973066	0.66	1.882850405
0.67	1.52547615	0.67	1.598631799	0.67	1.671104625	0.67	1.742887683	0.67	1.813973925	0.67	1.884356193
0.68	1.519223425	0.68	1.593950402	0.68	1.66797781	0.68	1.741298607	0.68	1.813905647	0.68	1.88579167
0.69	1.512906002	0.69	1.589203258	0.69	1.664784167	0.69	1.739641593	0.69	1.813768289	0.69	1.887156896
0.7	1.506523919	0.7	1.584390408	0.7	1.661523743	0.7	1.73791669	0.7	1.813561906	0.7	1.888451932
0.71	1.500077216	0.71	1.579511898	0.71	1.658196585	0.71	1.736123951	0.71	1.813286555	0.71	1.889676838
0.72	1.493565932	0.72	1.574567768	0.72	1.65480274	0.72	1.734263426	0.72	1.81294229	0.72	1.890831675
0.73	1.486990106	0.73	1.569558063	0.73	1.651342254	0.73	1.732335167	0.73	1.812529168	0.73	1.891916503
0.74	1.480349778	0.74	1.564482825	0.74	1.647815175	0.74	1.730339224	0.74	1.812047243	0.74	1.892931381
0.75	1.473644986	0.75	1.559342096	0.75	1.644221549	0.75	1.728275648	0.75	1.811496571	0.75	1.89387637
0.76	1.466875769	0.76	1.554135919	0.76	1.640561422	0.76	1.726144489	0.76	1.810877206	0.76	1.894751528
0.77	1.460042166	0.77	1.548864337	0.77	1.636834841	0.77	1.723945798	0.77	1.810189203	0.77	1.895556915
0.78	1.453144215	0.78	1.543527391	0.78	1.63304185	0.78	1.721679624	0.78	1.809432615	0.78	1.896292589
0.79	1.446181954	0.79	1.538125123	0.79	1.629182496	0.79	1.719346017	0.79	1.808607498	0.79	1.896958609
0.8	1.439155422	0.8	1.532657575	0.8	1.625256825	0.8	1.716945027	0.8	1.807713904	0.8	1.897555034
0.81	1.432064657	0.81	1.527124789	0.81	1.621264881	0.81	1.714476704	0.81	1.806751888	0.81	1.898081921
0.82	1.424909696	0.82	1.521526805	0.82	1.617206711	0.82	1.711941095	0.82	1.805721503	0.82	1.898539329
0.83	1.417690577	0.83	1.515863667	0.83	1.613082359	0.83	1.709338252	0.83	1.804622802	0.83	1.898927315
0.84	1.410407339	0.84	1.510135413	0.84	1.608891869	0.84	1.706668221	0.84	1.803455838	0.84	1.899245937
0.85	1.403060019	0.85	1.504342087	0.85	1.604635288	0.85	1.703931053	0.85	1.802220664	0.85	1.899495251
0.86	1.395648653	0.86	1.498483728	0.86	1.600312659	0.86	1.701126795	0.86	1.800917333	0.86	1.899675316
0.87	1.38817328	0.87	1.492560378	0.87	1.595924027	0.87	1.698255495	0.87	1.799545897	0.87	1.899786186
0.88	1.380633936	0.88	1.486572076	0.88	1.591469436	0.88	1.695317203	0.88	1.798106408	0.88	1.89982792
0.89	1.373030658	0.89	1.480518864	0.89	1.58694893	0.89	1.692311966	0.89	1.796598918	0.89	1.899800574
0.9	1.365363484	0.9	1.474400781	0.9	1.582362554	0.9	1.689239831	0.9	1.79502348	0.9	1.899704203
0.91	1.35763245	0.91	1.468217868	0.91	1.57771035	0.91	1.686100846	0.91	1.793380144	0.91	1.899538863
0.92	1.349837592	0.92	1.461970165	0.92	1.572992363	0.92	1.682895059	0.92	1.791668963	0.92	1.89930461
0.93	1.341978948	0.93	1.455657712	0.93	1.568208636	0.93	1.679622517	0.93	1.789889986	0.93	1.8990015
0.94	1.334056553	0.94	1.449280548	0.94	1.563359211	0.94	1.676283267	0.94	1.788043267	0.94	1.898629587
0.95	1.326070443	0.95	1.442838713	0.95	1.558444134	0.95	1.672877355	0.95	1.786128854	0.95	1.898188927
0.96	1.318020656	0.96	1.436332247	0.96	1.553463445	0.96	1.669404829	0.96	1.784146799	0.96	1.897679574
0.97	1.309907226	0.97	1.429761188	0.97	1.548417189	0.97	1.665865735	0.97	1.782097152	0.97	1.897101583
0.98	1.30173019	0.98	1.423125576	0.98	1.543305408	0.98	1.662260119	0.98	1.779979964	0.98	1.896455008
0.99	1.293489583	0.99	1.416425451	0.99	1.538128144	0.99	1.658588028	0.99	1.777795284	0.99	1.895739904
1	1.285185442	1	1.40966085	1	1.53288544	1	1.654849507	1	1.775543162	1	1.894956324
1.01	1.2768178	1.01	1.402831813	1.01	1.527577337	1.01	1.651044602	1.01	1.773223649	1.01	1.894104322
1.02	1.268386695	1.02	1.395938378	1.02	1.522203879	1.02	1.64717336	1.02	1.770836793	1.02	1.893183951
1.03	1.25989216	1.03	1.388980584	1.03	1.516765106	1.03	1.643235825	1.03	1.768382644	1.03	1.892195266
1.04	1.251334232	1.04	1.381958469	1.04	1.511261061	1.04	1.639232043	1.04	1.765861251	1.04	1.891138318
1.05	1.242712944	1.05	1.374872071	1.05	1.505691786	1.05	1.635162059	1.05	1.763272662	1.05	1.89001316
1.06	1.234028333	1.06	1.367721428	1.06	1.500057321	1.06	1.631025918	1.06	1.760616927	1.06	1.888819846
1.07	1.225280432	1.07	1.360506579	1.07	1.494357707	1.07	1.626823665	1.07	1.757894095	1.07	1.887558428
1.08	1.216469276	1.08	1.35322756	1.08	1.488592987	1.08	1.622555344	1.08	1.755104212	1.08	1.886228958
1.09	1.207594901	1.09	1.345884411	1.09	1.482763201	1.09	1.618221001	1.09	1.752247329	1.09	1.884831488
1.1	1.198657339	1.1	1.338477168	1.1	1.47686839	1.1	1.613820678	1.1	1.749323492	1.1	1.88336607
1.11	1.189656626	1.11	1.331005868	1.11	1.470908595	1.11	1.609354422	1.11	1.746332749	1.11	1.881832756
1.12	1.180592796	1.12	1.323470549	1.12	1.464883856	1.12	1.604822274	1.12	1.743275149	1.12	1.880231597
1.13	1.171465882	1.13	1.315871248	1.13	1.458794213	1.13	1.600224281	1.13	1.740150738	1.13	1.878562644
1.14	1.162275918	1.14	1.308208003	1.14	1.452639707	1.14	1.595560484	1.14	1.736959564	1.14	1.876825949
1.15	1.153022939	1.15	1.300480849	1.15	1.446420379	1.15	1.590830928	1.15	1.733701674	1.15	1.875021562
1.16	1.143706977	1.16	1.292689824	1.16	1.440136267	1.16	1.586035655	1.16	1.730377115	1.16	1.873149533
1.17	1.134328067	1.17	1.284834965	1.17	1.433787412	1.17	1.58117471	1.17	1.726985933	1.17	1.871209914
1.18	1.124886242	1.18	1.276916307	1.18	1.427373853	1.18	1.576248136	1.18	1.723528176	1.18	1.869202755
1.19	1.115381536	1.19	1.268933887	1.19	1.420895631	1.19	1.571255974	1.19	1.720003889	1.19	1.867128106
1.2	1.10581398	1.2	1.260887742	1.2	1.414352784	1.2	1.566198269	1.2	1.71641312	1.2	1.864986016
1.21	1.096183609	1.21	1.252777907	1.21	1.407745352	1.21	1.561075061	1.21	1.712755913	1.21	1.862776536
1.22	1.086490456	1.22	1.244604419	1.22	1.401073374	1.22	1.555886395	1.22	1.709032315	1.22	1.860499715
1.23	1.076734552	1.23	1.236367313	1.23	1.394336889	1.23	1.550632312	1.23	1.705242372	1.23	1.858155602
1.24	1.066915931	1.24	1.228066625	1.24	1.387535935	1.24	1.545312855	1.24	1.701386129	1.24	1.855744246
1.25	1.057034625	1.25	1.21970239	1.25	1.380670552	1.25	1.539928064	1.25	1.697463631	1.25	1.853265696
1.26	1.047090665	1.26	1.211274645	1.26	1.373740778	1.26	1.534477983	1.26	1.693474924	1.26	1.850720002
1.27	1.037084085	1.27	1.202783425	1.27	1.366746651	1.27	1.528962653	1.27	1.689420053	1.27	1.848107212
1.28	1.027014916	1.28	1.194228764	1.28	1.35968821	1.28	1.523382115	1.28	1.685299063	1.28	1.845427373
1.29	1.016883189	1.29	1.185610698	1.29	1.352565493	1.29	1.51773641	1.29	1.681111998	1.29	1.842680535
1.3	1.006688937	1.3	1.176929261	1.3	1.345378538	1.3	1.512025581	1.3	1.676858903	1.3	1.839866745
1.31	0.99643219	1.31	1.168184489	1.31	1.338127383	1.31	1.506249667	1.31	1.672539822	1.31	1.836986052
1.32	0.986112982	1.32	1.159376417	1.32	1.330812066	1.32	1.500408711	1.32	1.6681548	1.32	1.834038502
1.33	0.975731342	1.33	1.150505079	1.33	1.323432624	1.33	1.494502752	1.33	1.66370388	1.33	1.831024144
1.34	0.965287302	1.34	1.141570509	1.34	1.315989094	1.34	1.488531832	1.34	1.659187108	1.34	1.827943025
1.35	0.954780893	1.35	1.132572742	1.35	1.308481515	1.35	1.48249599	1.35	1.654604525	1.35	1.824795191
1.36	0.944212147	1.36	1.123511812	1.36	1.300909923	1.36	1.476395268	1.36	1.649956176	1.36	1.821580691
1.37	0.933581094	1.37	1.114387754	1.37	1.293274356	1.37	1.470229704	1.37	1.645242105	1.37	1.81829957
1.38	0.922887765	1.38	1.105200601	1.38	1.28557485	1.38	1.463999341	1.38	1.640462354	1.38	1.814951875
1.39	0.912132191	1.39	1.095950387	1.39	1.277811442	1.39	1.457704216	1.39	1.635616967	1.39	1.811537653
1.4	0.901314402	1.4	1.086637146	1.4	1.269984169	1.4	1.451344371	1.4	1.630705986	1.4	1.80805695
1.41	0.890434428	1.41	1.077260911	1.41	1.262093068	1.41	1.444919845	1.41	1.625729455	1.41	1.804509813
1.42	0.879492301	1.42	1.067821717	1.42	1.254138175	1.42	1.438430677	1.42	1.620687417	1.42	1.800896286
1.43	0.868488049	1.43	1.058319596	1.43	1.246119527	1.43	1.431876906	1.43	1.615579912	1.43	1.797216416
1.44	0.857421705	1.44	1.048754583	1.44	1.238037159	1.44	1.425258572	1.44	1.610406985	1.44	1.793470249
1.45	0.846293296	1.45	1.039126709	1.45	1.229891107	1.45	1.418575714	1.45	1.605168677	1.45	1.789657829
1.46	0.835102854	1.46	1.029436009	1.46	1.221681408	1.46	1.411828371	1.46	1.599865029	1.46	1.785779202
1.47	0.823850408	1.47	1.019682514	1.47	1.213408098	1.47	1.405016581	1.47	1.594496085	1.47	1.781834414
1.48	0.812535988	1.48	1.009866257	1.48	1.205071211	1.48	1.398140383	1.48	1.589061886	1.48	1.777823509
1.49	0.801159623	1.49	0.999987271	1.49	1.196670785	1.49	1.391199816	1.49	1.583562473	1.49	1.773746532
1.5	0.789721343	1.5	0.990045589	1.5	1.188206853	1.5	1.384194919	1.5	1.577997887	1.5	1.769603527
1.51	0.778221177	1.51	0.980041241	1.51	1.179679452	1.51	1.377125728	1.51	1.572368171	1.51	1.765394539
1.52	0.766659155	1.52	0.96997426	1.52	1.171088616	1.52	1.369992283	1.52	1.566673364	1.52	1.761119612
1.53	0.755035305	1.53	0.959844679	1.53	1.162434382	1.53	1.362794621	1.53	1.560913509	1.53	1.756778791
1.54	0.743349657	1.54	0.949652528	1.54	1.153716782	1.54	1.355532781	1.54	1.555088646	1.54	1.752372118
1.55	0.731602239	1.55	0.93939784	1.55	1.144935854	1.55	1.3482068	1.55	1.549198815	1.55	1.747899639
1.56	0.719793081	1.56	0.929080646	1.56	1.13609163	1.56	1.340816715	1.56	1.543244058	1.56	1.743361396
1.57	0.707922211	1.57	0.918700978	1.57	1.127184146	1.57	1.333362564	1.57	1.537224414	1.57	1.738757434
1.58	0.695989657	1.58	0.908258867	1.58	1.118213437	1.58	1.325844384	1.58	1.531139924	1.58	1.734087794
1.59	0.683995449	1.59	0.897754344	1.59	1.109179536	1.59	1.318262212	1.59	1.524990628	1.59	1.729352522
1.6	0.671939614	1.6	0.88718744	1.6	1.100082478	1.6	1.310616086	1.6	1.518776565	1.6	1.724551659
1.61	0.659822182	1.61	0.876558187	1.61	1.090922297	1.61	1.302906043	1.61	1.512497777	1.61	1.719685248
1.62	0.647643179	1.62	0.865866615	1.62	1.081699026	1.62	1.295132118	1.62	1.506154301	1.62	1.714753332
1.63	0.635402635	1.63	0.855112755	1.63	1.0724127	1.63	1.28729435	1.63	1.499746179	1.63	1.709755954
1.64	0.623100577	1.64	0.844296638	1.64	1.063063353	1.64	1.279392773	1.64	1.493273449	1.64	1.704693156
1.65	0.610737033	1.65	0.833418294	1.65	1.053651018	1.65	1.271427426	1.65	1.48673615	1.65	1.69956498
1.66	0.598312031	1.66	0.822477754	1.66	1.044175729	1.66	1.263398343	1.66	1.480134323	1.66	1.694371468
1.67	0.585825599	1.67	0.811475048	1.67	1.034637519	1.67	1.255305562	1.67	1.473468004	1.67	1.689112663
1.68	0.573277763	1.68	0.800410206	1.68	1.025036421	1.68	1.247149117	1.68	1.466737235	1.68	1.683788605
1.69	0.560668553	1.69	0.789283258	1.69	1.015372468	1.69	1.238929046	1.69	1.459942052	1.69	1.678399337
1.7	0.547997994	1.7	0.778094235	1.7	1.005645694	1.7	1.230645383	1.7	1.453082495	1.7	1.672944899
1.71	0.535266114	1.71	0.766843167	1.71	0.99585613	1.71	1.222298165	1.71	1.446158603	1.71	1.667425334
1.72	0.522472941	1.72	0.755530082	1.72	0.98600381	1.72	1.213887427	1.72	1.439170412	1.72	1.661840683
1.73	0.509618502	1.73	0.744155011	1.73	0.976088765	1.73	1.205413204	1.73	1.432117963	1.73	1.656190986
1.74	0.496702823	1.74	0.732717984	1.74	0.966111028	1.74	1.196875531	1.74	1.425001292	1.74	1.650476284
1.75	0.483725931	1.75	0.721219029	1.75	0.956070632	1.75	1.188274445	1.75	1.417820437	1.75	1.644696618
1.76	0.470687854	1.76	0.709658176	1.76	0.945967607	1.76	1.179609979	1.76	1.410575437	1.76	1.638852029
1.77	0.457588617	1.77	0.698035455	1.77	0.935801986	1.77	1.170882168	1.77	1.403266329	1.77	1.632942557
1.78	0.444428248	1.78	0.686350894	1.78	0.925573801	1.78	1.162091048	1.78	1.39589315	1.78	1.626968243
1.79	0.431206773	1.79	0.674604523	1.79	0.915283083	1.79	1.153236653	1.79	1.388455938	1.79	1.620929125
1.8	0.417924217	1.8	0.66279637	1.8	0.904929865	1.8	1.144319017	1.8	1.380954729	1.8	1.614825246
1.81	0.404580609	1.81	0.650926464	1.81	0.894514176	1.81	1.135338176	1.81	1.373389562	1.81	1.608656643
1.82	0.391175973	1.82	0.638994835	1.82	0.88403605	1.82	1.126294163	1.82	1.365760473	1.82	1.602423358
1.83	0.377710335	1.83	0.627001509	1.83	0.873495516	1.83	1.117187012	1.83	1.358067498	1.83	1.596125429
1.84	0.364183723	1.84	0.614946517	1.84	0.862892606	1.84	1.108016757	1.84	1.350310675	1.84	1.589762896
1.85	0.350596161	1.85	0.602829887	1.85	0.852227351	1.85	1.098783433	1.85	1.34249004	1.85	1.583335799
1.86	0.336947676	1.86	0.590651646	1.86	0.841499782	1.86	1.089487073	1.86	1.33460563	1.86	1.576844176
1.87	0.323238292	1.87	0.578411823	1.87	0.83070993	1.87	1.080127711	1.87	1.32665748	1.87	1.570288067
1.88	0.309468037	1.88	0.566110446	1.88	0.819857824	1.88	1.070705381	1.88	1.318645628	1.88	1.56366751
1.89	0.295636935	1.89	0.553747543	1.89	0.808943497	1.89	1.061220115	1.89	1.310570108	1.89	1.556982544
1.9	0.281745011	1.9	0.541323142	1.9	0.797966977	1.9	1.051671948	1.9	1.302430958	1.9	1.550233208
1.91	0.267792291	1.91	0.528837271	1.91	0.786928296	1.91	1.042060912	1.91	1.294228212	1.91	1.54341954
1.92	0.253778801	1.92	0.516289957	1.92	0.775827484	1.92	1.032387041	1.92	1.285961907	1.92	1.536541578
1.93	0.239704564	1.93	0.503681228	1.93	0.76466457	1.93	1.022650367	1.93	1.277632078	1.93	1.529599362
1.94	0.225569607	1.94	0.491011111	1.94	0.753439585	1.94	1.012850923	1.94	1.26923876	1.94	1.522592927
1.95	0.211373955	1.95	0.478279633	1.95	0.742152559	1.95	1.002988741	1.95	1.26078199	1.95	1.515522314
1.96	0.197117631	1.96	0.465486823	1.96	0.730803521	1.96	0.993063853	1.96	1.252261801	1.96	1.508387559
1.97	0.182800661	1.97	0.452632707	1.97	0.719392501	1.97	0.983076293	1.97	1.243678229	1.97	1.5011887
1.98	0.16842307	1.98	0.439717312	1.98	0.707919528	1.98	0.973026091	1.98	1.235031309	1.98	1.493925775
1.99	0.153984881	1.99	0.426740665	1.99	0.696384632	1.99	0.96291328	1.99	1.226321076	1.99	1.486598821
2	0.13948612	2	0.413702793	2	0.684787842	2	0.952737892	2	1.217547565	2	1.479207875
2.01	0.124926811	2.01	0.400603722	2.01	0.673129188	2.01	0.942499958	2.01	1.208710809	2.01	1.471752974
2.02	0.110306978	2.02	0.38744348	2.02	0.661408698	2.02	0.93219951	2.02	1.199810845	2.02	1.464234156
2.03	0.095626646	2.03	0.374222093	2.03	0.649626402	2.03	0.921836579	2.03	1.190847705	2.03	1.456651457
2.04	0.080885838	2.04	0.360939588	2.04	0.637782328	2.04	0.911411198	2.04	1.181821424	2.04	1.449004914
2.05	0.066084578	2.05	0.34759599	2.05	0.625876505	2.05	0.900923396	2.05	1.172732036	2.05	1.441294563
2.06	0.05122289	2.06	0.334191326	2.06	0.613908962	2.06	0.890373206	2.06	1.163579575	2.06	1.433520442
2.07	0.036300799	2.07	0.320725622	2.07	0.601879728	2.07	0.879760658	2.07	1.154364076	2.07	1.425682586
2.08	0.021318328	2.08	0.307198905	2.08	0.58978883	2.08	0.869085784	2.08	1.145085571	2.08	1.417781032
2.09	0.0062755	2.09	0.2936112	2.09	0.577636298	2.09	0.858348613	2.09	1.135744094	2.09	1.409815815
2.1	-0.008827661	2.1	0.279962532	2.1	0.565422159	2.1	0.847549178	2.1	1.12633968	2.1	1.401786972
2.11	-0.023991133	2.11	0.266252929	2.11	0.553146442	2.11	0.836687507	2.11	1.11687236	2.11	1.393694539
2.12	-0.039214902	2.12	0.252482415	2.12	0.540809174	2.12	0.825763633	2.12	1.107342169	2.12	1.385538551
2.13	-0.054498952	2.13	0.238651017	2.13	0.528410384	2.13	0.814777584	2.13	1.09774914	2.13	1.377319044
2.14	-0.069843271	2.14	0.224758759	2.14	0.5159501	2.14	0.803729392	2.14	1.088093306	2.14	1.369036053
2.15	-0.085247844	2.15	0.210805666	2.15	0.503428349	2.15	0.792619087	2.15	1.078374699	2.15	1.360689614
2.16	-0.100712659	2.16	0.196791766	2.16	0.490845159	2.16	0.781446698	2.16	1.068593352	2.16	1.352279762
2.17	-0.116237701	2.17	0.182717081	2.17	0.478200557	2.17	0.770212256	2.17	1.058749298	2.17	1.343806532
2.18	-0.131822958	2.18	0.168581638	2.18	0.46549457	2.18	0.75891579	2.18	1.048842568	2.18	1.335269958
2.19	-0.147468416	2.19	0.154385462	2.19	0.452727227	2.19	0.747557331	2.19	1.038873196	2.19	1.326670077
2.2	-0.163174062	2.2	0.140128577	2.2	0.439898555	2.2	0.736136907	2.2	1.028841212	2.2	1.318006922
2.21	-0.178939884	2.21	0.125811009	2.21	0.427008579	2.21	0.724654548	2.21	1.018746649	2.21	1.309280528
2.22	-0.194765869	2.22	0.111432782	2.22	0.414057329	2.22	0.713110283	2.22	1.008589538	2.22	1.30049093
2.23	-0.210652004	2.23	0.09699392	2.23	0.401044829	2.23	0.701504143	2.23	0.998369912	2.23	1.291638162
2.24	-0.226598277	2.24	0.082494448	2.24	0.387971108	2.24	0.689836155	2.24	0.988087801	2.24	1.282722259
2.25	-0.242604676	2.25	0.067934391	2.25	0.374836192	2.25	0.678106349	2.25	0.977743238	2.25	1.273743253
2.26	-0.258671188	2.26	0.053313773	2.26	0.361640108	2.26	0.666314754	2.26	0.967336253	2.26	1.264701181
2.27	-0.274797801	2.27	0.038632619	2.27	0.348382882	2.27	0.654461399	2.27	0.956866878	2.27	1.255596074
2.28	-0.290984504	2.28	0.023890951	2.28	0.33506454	2.28	0.642546313	2.28	0.946335144	2.28	1.246427968
2.29	-0.307231285	2.29	0.009088795	2.29	0.321685109	2.29	0.630569524	2.29	0.935741081	2.29	1.237196895
2.3	-0.323538132	2.3	-0.005773825	2.3	0.308244615	2.3	0.61853106	2.3	0.925084721	2.3	1.22790289
2.31	-0.339905034	2.31	-0.020696887	2.31	0.294743085	2.31	0.606430951	2.31	0.914366095	2.31	1.218545985
2.32	-0.35633198	2.32	-0.035680373	2.32	0.281180544	2.32	0.594269223	2.32	0.903585232	2.32	1.209126215
2.33	-0.372818957	2.33	-0.05072427	2.33	0.267557018	2.33	0.582045907	2.33	0.892742165	2.33	1.199643612
2.34	-0.389365956	2.34	-0.065828562	2.34	0.253872533	2.34	0.569761029	2.34	0.881836922	2.34	1.190098209
2.35	-0.405972966	2.35	-0.080993236	2.35	0.240127115	2.35	0.557414618	2.35	0.870869534	2.35	1.18049004
2.36	-0.422639974	2.36	-0.096218277	2.36	0.226320789	2.36	0.545006702	2.36	0.859840033	2.36	1.170819136
2.37	-0.439366972	2.37	-0.111503672	2.37	0.212453581	2.37	0.532537308	2.37	0.848748446	2.37	1.161085532
2.38	-0.456153948	2.38	-0.126849405	2.38	0.198525517	2.38	0.520006464	2.38	0.837594806	2.38	1.151289259
2.39	-0.473000892	2.39	-0.142255464	2.39	0.184536622	2.39	0.507414198	2.39	0.82637914	2.39	1.141430349
2.4	-0.489907794	2.4	-0.157721834	2.4	0.17048692	2.4	0.494760537	2.4	0.81510148	2.4	1.131508835
2.41	-0.506874644	2.41	-0.173248503	2.41	0.156376438	2.41	0.482045509	2.41	0.803761855	2.41	1.121524749
2.42	-0.523901431	2.42	-0.188835457	2.42	0.1422052	2.42	0.46926914	2.42	0.792360294	2.42	1.111478121
2.43	-0.540988146	2.43	-0.204482683	2.43	0.127973231	2.43	0.456431459	2.43	0.780896827	2.43	1.101368985
2.44	-0.558134779	2.44	-0.220190167	2.44	0.113680557	2.44	0.443532492	2.44	0.769371483	2.44	1.091197372
2.45	-0.575341321	2.45	-0.235957897	2.45	0.099327201	2.45	0.430572266	2.45	0.757784292	2.45	1.080963313
2.46	-0.592607762	2.46	-0.25178586	2.46	0.08491319	2.46	0.417550807	2.46	0.746135282	2.46	1.070666839
2.47	-0.609934092	2.47	-0.267674043	2.47	0.070438546	2.47	0.404468144	2.47	0.734424483	2.47	1.060307983
2.48	-0.627320303	2.48	-0.283622435	2.48	0.055903295	2.48	0.391324302	2.48	0.722651922	2.48	1.049886774
2.49	-0.644766385	2.49	-0.299631021	2.49	0.041307461	2.49	0.378119308	2.49	0.71081763	2.49	1.039403244
2.5	-0.66227233	2.5	-0.315699791	2.5	0.026651069	2.5	0.364853189	2.5	0.698921635	2.5	1.028857424
2.51	-0.679838128	2.51	-0.331828732	2.51	0.011934142	2.51	0.351525971	2.51	0.686963966	2.51	1.018249345
2.52	-0.697463771	2.52	-0.348017833	2.52	-2.84E-03	2.52	0.33813768	2.52	0.67494465	2.52	1.007579037
2.53	-0.715149251	2.53	-0.364267081	2.53	-0.017681218	2.53	0.324688342	2.53	0.662863716	2.53	0.996846532
2.54	-0.732894558	2.54	-0.380576464	2.54	-0.03257961	2.54	0.311177984	2.54	0.650721193	2.54	0.986051858
2.55	-0.750699685	2.55	-0.396945972	2.55	-0.047538455	2.55	0.297606631	2.55	0.638517109	2.55	0.975195048
2.56	-0.768564624	2.56	-0.413375592	2.56	-0.062557739	2.56	0.28397431	2.56	0.626251492	2.56	0.96427613
2.57	-0.786489366	2.57	-0.429865314	2.57	-0.077637447	2.57	0.270281046	2.57	0.613924369	2.57	0.953295136
2.58	-0.804473903	2.58	-0.446415127	2.58	-0.092777564	2.58	0.256526864	2.58	0.601535768	2.58	0.942252095
2.59	-0.822518228	2.59	-0.463025019	2.59	-0.107978078	2.59	0.242711791	2.59	0.589085718	2.59	0.931147038
2.6	-0.840622333	2.6	-0.479694979	2.6	-0.123238972	2.6	0.228835853	2.6	0.576574246	2.6	0.919979993
2.61	-0.85878621	2.61	-0.496424997	2.61	-0.138560234	2.61	0.214899073	2.61	0.56400138	2.61	0.908750991
2.62	-0.877009852	2.62	-0.513215062	2.62	-0.15394185	2.62	0.200901479	2.62	0.551367146	2.62	0.897460061
2.63	-0.895293251	2.63	-0.530065164	2.63	-0.169383805	2.63	0.186843094	2.63	0.538671573	2.63	0.886107233
2.64	-0.913636401	2.64	-0.546975293	2.64	-0.184886086	2.64	0.172723944	2.64	0.525914687	2.64	0.874692536
2.65	-0.932039294	2.65	-0.563945438	2.65	-0.20044868	2.65	0.158544055	2.65	0.513096516	2.65	0.863216
2.66	-0.950501924	2.66	-0.580975588	2.66	-0.216071574	2.66	0.14430345	2.66	0.500217087	2.66	0.851677653
2.67	-0.969024283	2.67	-0.598065735	2.67	-0.231754753	2.67	0.130002156	2.67	0.487276426	2.67	0.840077524
2.68	-0.987606364	2.68	-0.615215869	2.68	-0.247498206	2.68	0.115640196	2.68	0.47427456	2.68	0.828415644
2.69	-1.006248162	2.69	-0.632425979	2.69	-0.26330192	2.69	0.101217595	2.69	0.461211517	2.69	0.816692039
2.7	-1.024949669	2.7	-0.649696056	2.7	-0.279165881	2.7	0.086734378	2.7	0.448087323	2.7	0.80490674
2.71	-1.04371088	2.71	-0.667026091	2.71	-0.295090078	2.71	0.07219057	2.71	0.434902004	2.71	0.793059775
2.72	-1.062531788	2.72	-0.684416075	2.72	-0.311074497	2.72	0.057586194	2.72	0.421655587	2.72	0.781151172
2.73	-1.081412386	2.73	-0.701865998	2.73	-0.327119126	2.73	0.042921275	2.73	0.408348098	2.73	0.769180959
2.74	-1.10035267	2.74	-0.719375851	2.74	-0.343223953	2.74	0.028195837	2.74	0.394979563	2.74	0.757149166
2.75	-1.119352632	2.75	-0.736945625	2.75	-0.359388967	2.75	0.013409905	2.75	0.381550009	2.75	0.74505582
2.76	-1.138412268	2.76	-0.754575312	2.76	-0.375614155	2.76	-1.44E-03	2.76	0.368059462	2.76	0.73290095
2.77	-1.157531572	2.77	-0.772264903	2.77	-0.391899506	2.77	-0.016343348	2.77	0.354507947	2.77	0.720684582
2.78	-1.176710537	2.78	-0.790014389	2.78	-0.408245007	2.78	-0.031310627	2.78	0.340895491	2.78	0.708406746
2.79	-1.195949159	2.79	-0.807823763	2.79	-0.424650648	2.79	-0.046338319	2.79	0.327222119	2.79	0.69606747
2.8	-1.215247432	2.8	-0.825693015	2.8	-0.441116417	2.8	-0.06142641	2.8	0.313487856	2.8	0.68366678
2.81	-1.234605352	2.81	-0.843622137	2.81	-0.457642302	2.81	-0.076574886	2.81	0.299692729	2.81	0.671204704
2.82	-1.254022913	2.82	-0.861611123	2.82	-0.474228294	2.82	-0.091783733	2.82	0.285836763	2.82	0.65868127
2.83	-1.273500109	2.83	-0.879659962	2.83	-0.49087438	2.83	-0.107052936	2.83	0.271919983	2.83	0.646096506
2.84	-1.293036937	2.84	-0.897768649	2.84	-0.50758055	2.84	-0.122382481	2.84	0.257942414	2.84	0.633450438
2.85	-1.312633392	2.85	-0.915937175	2.85	-0.524346794	2.85	-0.137772356	2.85	0.243904082	2.85	0.620743094
2.86	-1.332289468	2.86	-0.934165533	2.86	-0.5411731	2.86	-0.153222545	2.86	0.229805012	2.86	0.607974501
2.87	-1.352005162	2.87	-0.952453715	2.87	-0.558059459	2.87	-0.168733036	2.87	0.215645229	2.87	0.595144686
2.88	-1.371780468	2.88	-0.970801713	2.88	-0.57500586	2.88	-0.184303814	2.88	0.201424758	2.88	0.582253675
2.89	-1.391615383	2.89	-0.989209522	2.89	-0.592012292	2.89	-0.199934868	2.89	0.187143622	2.89	0.569301496
2.9	-1.411509903	2.9	-1.007677134	2.9	-0.609078747	2.9	-0.215626183	2.9	0.172801849	2.9	0.556288175
2.91	-1.431464024	2.91	-1.026204541	2.91	-0.626205213	2.91	-0.231377747	2.91	0.15839946	2.91	0.543213739
2.92	-1.45147774	2.92	-1.044791737	2.92	-0.643391682	2.92	-0.247189548	2.92	0.143936483	2.92	0.530078215
2.93	-1.47155105	2.93	-1.063438716	2.93	-0.660638144	2.93	-0.263061571	2.93	0.129412939	2.93	0.516881628
2.94	-1.491683948	2.94	-1.082145471	2.94	-0.677944589	2.94	-0.278993805	2.94	0.114828855	2.94	0.503624005
2.95	-1.511876432	2.95	-1.100911995	2.95	-0.695311007	2.95	-0.294986238	2.95	0.100184255	2.95	0.490305373
2.96	-1.532128497	2.96	-1.119738282	2.96	-0.71273739	2.96	-0.311038857	2.96	0.085479162	2.96	0.476925757
2.97	-1.552440141	2.97	-1.138624326	2.97	-0.730223728	2.97	-0.327151649	2.97	0.0707136	2.97	0.463485183
2.98	-1.572811359	2.98	-1.15757012	2.98	-0.747770013	2.98	-0.343324604	2.98	0.055887594	2.98	0.449983677
2.99	-1.59324215	2.99	-1.17657566	2.99	-0.765376236	2.99	-0.359557709	2.99	0.041001167	2.99	0.436421266
3	-1.61373251	3	-1.195640938	3	-0.783042387	3	-0.375850952	3	0.026054343	3	0.422797974
3.01	-1.634282435	3.01	-1.214765949	3.01	-0.800768458	3.01	-0.392204322	3.01	0.011047147	3.01	0.409113828
3.02	-1.654891923	3.02	-1.233950688	3.02	-0.818554442	3.02	-0.408617807	3.02	-4.02E-03	3.02	0.395368853
3.03	-1.675560972	3.03	-1.25319515	3.03	-0.836400328	3.03	-0.425091397	3.03	-0.019148272	3.03	0.381563074
3.04	-1.696289578	3.04	-1.272499327	3.04	-0.85430611	3.04	-0.44162508	3.04	-0.034336455	3.04	0.367696517
3.05	-1.717077739	3.05	-1.291863217	3.05	-0.872271779	3.05	-0.458218844	3.05	-0.049584933	3.05	0.353769207
3.06	-1.737925452	3.06	-1.311286812	3.06	-0.890297327	3.06	-0.47487268	3.06	-0.064893692	3.06	0.339781168
3.07	-1.758832716	3.07	-1.330770109	3.07	-0.908382746	3.07	-0.491586575	3.07	-0.08026272	3.07	0.325732428
3.08	-1.779799528	3.08	-1.350313102	3.08	-0.926528029	3.08	-0.508360521	3.08	-0.095692002	3.08	0.311623009
3.09	-1.800825885	3.09	-1.369915786	3.09	-0.944733168	3.09	-0.525194505	3.09	-0.111181524	3.09	0.297452937
3.1	-1.821911787	3.1	-1.389578157	3.1	-0.962998155	3.1	-0.542088518	3.1	-0.126731274	3.1	0.283222237
3.11	-1.84305723	3.11	-1.40930021	3.11	-0.981322983	3.11	-0.55904255	3.11	-0.142341238	3.11	0.268930933
3.12	-1.864262213	3.12	-1.429081941	3.12	-0.999707645	3.12	-0.57605659	3.12	-0.158011403	3.12	0.254579051
3.13	-1.885526735	3.13	-1.448923345	3.13	-1.018152134	3.13	-0.593130629	3.13	-0.173741757	3.13	0.240166613
3.14	-1.906850794	3.14	-1.468824419	3.14	-1.036656443	3.14	-0.610264656	3.14	-0.189532286	3.14	0.225693646
3.15	-1.928234387	3.15	-1.488785157	3.15	-1.055220564	3.15	-0.627458662	3.15	-0.205382978	3.15	0.211160173
3.16	-1.949677515	3.16	-1.508805556	3.16	-1.073844491	3.16	-0.644712637	3.16	-0.22129382	3.16	0.196566218
3.17	-1.971180175	3.17	-1.528885612	3.17	-1.092528218	3.17	-0.662026572	3.17	-0.2372648	3.17	0.181911806
3.18	-1.992742366	3.18	-1.549025321	3.18	-1.111271738	3.18	-0.679400458	3.18	-0.253295905	3.18	0.167196961
3.19	-2.014364088	3.19	-1.569224679	3.19	-1.130075044	3.19	-0.696834285	3.19	-0.269387125	3.19	0.152421706
3.2	-2.036045339	3.2	-1.589483684	3.2	-1.14893813	3.2	-0.714328044	3.2	-0.285538445	3.2	0.137586065
3.21	-2.057786118	3.21	-1.60980233	3.21	-1.167860991	3.21	-0.731881727	3.21	-0.301749856	3.21	0.122690062
3.22	-2.079586425	3.22	-1.630180616	3.22	-1.186843619	3.22	-0.749495324	3.22	-0.318021345	3.22	0.107733722
3.23	-2.101446258	3.23	-1.650618537	3.23	-1.20588601	3.23	-0.767168827	3.23	-0.3343529	3.23	0.092717066
3.24	-2.123365617	3.24	-1.671116091	3.24	-1.224988157	3.24	-0.784902227	3.24	-0.350744511	3.24	0.077640119
3.25	-2.145344503	3.25	-1.691673275	3.25	-1.244150054	3.25	-0.802695516	3.25	-0.367196166	3.25	0.062502905
3.26	-2.167382913	3.26	-1.712290085	3.26	-1.263371697	3.26	-0.820548686	3.26	-0.383707853	3.26	0.047305446
3.27	-2.189480848	3.27	-1.732966519	3.27	-1.282653079	3.27	-0.838461728	3.27	-0.400279562	3.27	0.032047766
3.28	-2.211638308	3.28	-1.753702573	3.28	-1.301994195	3.28	-0.856434634	3.28	-0.416911282	3.28	0.016729887
3.29	-2.233855293	3.29	-1.774498246	3.29	-1.32139504	3.29	-0.874467397	3.29	-0.433603003	3.29	1.35E-03
3.3	-2.256131802	3.3	-1.795353535	3.3	-1.34085561	3.3	-0.892560008	3.3	-0.450354713	3.3	-0.014086372
3.31	-2.278467836	3.31	-1.816268437	3.31	-1.360375897	3.31	-0.91071246	3.31	-0.467166402	3.31	-0.029584711
3.32	-2.300863395	3.32	-1.837242951	3.32	-1.379955899	3.32	-0.928924745	3.32	-0.48403806	3.32	-0.04514317
3.33	-2.323318478	3.33	-1.858277073	3.33	-1.39959561	3.33	-0.947196856	3.33	-0.500969676	3.33	-0.060761736
3.34	-2.345833087	3.34	-1.879370802	3.34	-1.419295026	3.34	-0.965528786	3.34	-0.517961241	3.34	-0.076440396
3.35	-2.368407222	3.35	-1.900524135	3.35	-1.439054142	3.35	-0.983920527	3.35	-0.535012745	3.35	-0.092179137
3.36	-2.391040884	3.36	-1.921737072	3.36	-1.458872953	3.36	-1.002372072	3.36	-0.552124177	3.36	-0.107977947
3.37	-2.413734072	3.37	-1.94300961	3.37	-1.478751455	3.37	-1.020883414	3.37	-0.569295529	3.37	-0.123836814
3.38	-2.436486788	3.38	-1.964341747	3.38	-1.498689644	3.38	-1.039454547	3.38	-0.58652679	3.38	-0.139755724
3.39	-2.459299033	3.39	-1.985733482	3.39	-1.518687516	3.39	-1.058085464	3.39	-0.603817951	3.39	-0.155734665
3.4	-2.482170807	3.4	-2.007184813	3.4	-1.538745068	3.4	-1.076776158	3.4	-0.621169003	3.4	-0.171773627
3.41	-2.505102112	3.41	-2.028695739	3.41	-1.558862294	3.41	-1.095526623	3.41	-0.638579937	3.41	-0.187872595
3.42	-2.528092949	3.42	-2.050266259	3.42	-1.579039191	3.42	-1.114336852	3.42	-0.656050743	3.42	-0.20403156
3.43	-2.551143318	3.43	-2.071896371	3.43	-1.599275756	3.43	-1.133206839	3.43	-0.673581414	3.43	-0.220250509
3.44	-2.574253222	3.44	-2.093586074	3.44	-1.619571985	3.44	-1.152136578	3.44	-0.691171939	3.44	-0.23652943
3.45	-2.597422661	3.45	-2.115335368	3.45	-1.639927874	3.45	-1.171126062	3.45	-0.70882231	3.45	-0.252868313
3.46	-2.620651637	3.46	-2.137144252	3.46	-1.660343421	3.46	-1.190175287	3.46	-0.72653252	3.46	-0.269267145
3.47	-2.643940151	3.47	-2.159012724	3.47	-1.680818621	3.47	-1.209284247	3.47	-0.744302559	3.47	-0.285725916
3.48	-2.667288206	3.48	-2.180940784	3.48	-1.701353473	3.48	-1.228452935	3.48	-0.762132419	3.48	-0.302244616
3.49	-2.690695803	3.49	-2.202928432	3.49	-1.721947972	3.49	-1.247681346	3.49	-0.780022091	3.49	-0.318823232
3.5	-2.714162943	3.5	-2.224975666	3.5	-1.742602117	3.5	-1.266969475	3.5	-0.797971569	3.5	-0.335461754
3.51	-2.737689629	3.51	-2.247082487	3.51	-1.763315903	3.51	-1.286317316	3.51	-0.815980844	3.51	-0.352160173
3.52	-2.761275863	3.52	-2.269248895	3.52	-1.784089329	3.52	-1.305724865	3.52	-0.834049908	3.52	-0.368918476
3.53	-2.784921647	3.53	-2.291474888	3.53	-1.804922392	3.53	-1.325192115	3.53	-0.852178754	3.53	-0.385736654
3.54	-2.808626982	3.54	-2.313760467	3.54	-1.825815089	3.54	-1.344719063	3.54	-0.870367374	3.54	-0.402614698
3.55	-2.832391872	3.55	-2.336105633	3.55	-1.846767418	3.55	-1.364305703	3.55	-0.888615761	3.55	-0.419552595
3.56	-2.856216319	3.56	-2.358510384	3.56	-1.867779377	3.56	-1.383952031	3.56	-0.906923907	3.56	-0.436550338
3.57	-2.880100324	3.57	-2.380974721	3.57	-1.888850963	3.57	-1.403658042	3.57	-0.925291806	3.57	-0.453607916
3.58	-2.904043892	3.58	-2.403498645	3.58	-1.909982175	3.58	-1.423423731	3.58	-0.943719449	3.58	-0.470725319
3.59	-2.928047023	3.59	-2.426082156	3.59	-1.931173011	3.59	-1.443249094	3.59	-0.962206831	3.59	-0.487902538
3.6	-2.952109722	3.6	-2.448725254	3.6	-1.952423468	3.6	-1.463134127	3.6	-0.980753945	3.6	-0.505139563
3.61	-2.97623199	3.61	-2.47142794	3.61	-1.973733545	3.61	-1.483078826	3.61	-0.999360783	3.61	-0.522436385
NaN	NaN	3.62	-2.494190215	3.62	-1.99510324	3.62	-1.503083186	3.62	-1.01802734	3.62	-0.539792996
NaN	NaN	3.63	-2.517012079	3.63	-2.016532552	3.63	-1.523147204	3.63	-1.036753608	3.63	-0.557209385
NaN	NaN	3.64	-2.539893533	3.64	-2.038021479	3.64	-1.543270875	3.64	-1.055539582	3.64	-0.574685544
NaN	NaN	3.65	-2.562834578	3.65	-2.05957002	3.65	-1.563454197	3.65	-1.074385256	3.65	-0.592221465
NaN	NaN	3.66	-2.585835215	3.66	-2.081178173	3.66	-1.583697165	3.66	-1.093290622	3.66	-0.609817139
NaN	NaN	3.67	-2.608895446	3.67	-2.102845938	3.67	-1.603999776	3.67	-1.112255676	3.67	-0.627472556
NaN	NaN	3.68	-2.632015271	3.68	-2.124573313	3.68	-1.624362026	3.68	-1.131280411	3.68	-0.64518771
NaN	NaN	3.69	-2.655194691	3.69	-2.146360298	3.69	-1.644783913	3.69	-1.150364822	3.69	-0.662962591
NaN	NaN	3.7	-2.678433709	3.7	-2.168206892	3.7	-1.665265432	3.7	-1.169508903	3.7	-0.680797192
NaN	NaN	3.71	-2.701732326	3.71	-2.190113093	3.71	-1.685806582	3.71	-1.188712649	3.71	-0.698691504
NaN	NaN	3.72	-2.725090542	3.72	-2.212078902	3.72	-1.706407358	3.72	-1.207976054	3.72	-0.71664552
NaN	NaN	3.73	-2.748508361	3.73	-2.234104317	3.73	-1.727067758	3.73	-1.227299113	3.73	-0.734659231
NaN	NaN	3.74	-2.771985783	3.74	-2.256189338	3.74	-1.74778778	3.74	-1.24668182	3.74	-0.752732631
NaN	NaN	3.75	-2.795522811	3.75	-2.278333965	3.75	-1.768567421	3.75	-1.266124172	3.75	-0.770865711
NaN	NaN	3.76	-2.819119446	3.76	-2.300538198	3.76	-1.789406677	3.76	-1.285626162	3.76	-0.789058465
NaN	NaN	3.77	-2.84277569	3.77	-2.322802036	3.77	-1.810305547	3.77	-1.305187786	3.77	-0.807310885
NaN	NaN	3.78	-2.866491546	3.78	-2.345125479	3.78	-1.831264029	3.78	-1.324809039	3.78	-0.825622964
NaN	NaN	3.79	-2.890267016	3.79	-2.367508528	3.79	-1.852282119	3.79	-1.344489917	3.79	-0.843994694
NaN	NaN	3.8	-2.914102102	3.8	-2.389951182	3.8	-1.873359817	3.8	-1.364230416	3.8	-0.86242607
NaN	NaN	3.81	-2.937996806	3.81	-2.412453442	3.81	-1.894497119	3.81	-1.38403053	3.81	-0.880917084
NaN	NaN	3.82	-2.961951131	3.82	-2.435015308	3.82	-1.915694025	3.82	-1.403890256	3.82	-0.899467729
NaN	NaN	3.83	-2.985965079	3.83	-2.457636781	3.83	-1.936950531	3.83	-1.42380959	3.83	-0.918078
NaN	NaN	3.84	-3.010038653	3.84	-2.48031786	3.84	-1.958266637	3.84	-1.443788527	3.84	-0.936747889
NaN	NaN	3.85	-3.034171857	3.85	-2.503058546	3.85	-1.979642341	3.85	-1.463827063	3.85	-0.955477391
NaN	NaN	3.86	-3.058364691	3.86	-2.525858841	3.86	-2.001077641	3.86	-1.483925196	3.86	-0.974266498
NaN	NaN	3.87	-3.08261716	3.87	-2.548718745	3.87	-2.022572537	3.87	-1.50408292	3.87	-0.993115206
NaN	NaN	3.88	-3.106929267	3.88	-2.571638259	3.88	-2.044127025	3.88	-1.524300233	3.88	-1.012023508
NaN	NaN	3.89	-3.131301014	3.89	-2.594617383	3.89	-2.065741106	3.89	-1.544577131	3.89	-1.030991398
NaN	NaN	3.9	-3.155732405	3.9	-2.61765612	3.9	-2.087414779	3.9	-1.564913611	3.9	-1.050018871
NaN	NaN	3.91	-3.180223442	3.91	-2.640754469	3.91	-2.109148041	3.91	-1.585309669	3.91	-1.069105921
NaN	NaN	3.92	-3.20477413	3.92	-2.663912432	3.92	-2.130940893	3.92	-1.605765302	3.92	-1.088252543
NaN	NaN	NaN	NaN	3.93	-2.687130012	3.93	-2.152793334	3.93	-1.626280508	3.93	-1.107458731
NaN	NaN	NaN	NaN	3.94	-2.710407208	3.94	-2.174705362	3.94	-1.646855282	3.94	-1.126724479
NaN	NaN	NaN	NaN	3.95	-2.733744022	3.95	-2.196676978	3.95	-1.667489624	3.95	-1.146049784
NaN	NaN	NaN	NaN	3.96	-2.757140457	3.96	-2.21870818	3.96	-1.688183529	3.96	-1.16543464
NaN	NaN	NaN	NaN	3.97	-2.780596514	3.97	-2.240798968	3.97	-1.708936995	3.97	-1.184879041
NaN	NaN	NaN	NaN	3.98	-2.804112194	3.98	-2.262949343	3.98	-1.729750019	3.98	-1.204382984
NaN	NaN	NaN	NaN	3.99	-2.8276875	3.99	-2.285159303	3.99	-1.7506226	3.99	-1.223946463
NaN	NaN	NaN	NaN	4	-2.851322433	4	-2.307428849	4	-1.771554735	4	-1.243569474
NaN	NaN	NaN	NaN	4.01	-2.875016995	4.01	-2.32975798	4.01	-1.792546421	4.01	-1.263252013
NaN	NaN	NaN	NaN	4.02	-2.89877119	4.02	-2.352146697	4.02	-1.813597657	4.02	-1.282994075
NaN	NaN	NaN	NaN	4.03	-2.922585018	4.03	-2.374594999	4.03	-1.83470844	4.03	-1.302795655
NaN	NaN	NaN	NaN	4.04	-2.946458482	4.04	-2.397102888	4.04	-1.855878769	4.04	-1.322656751
NaN	NaN	NaN	NaN	4.05	-2.970391585	4.05	-2.419670363	4.05	-1.877108643	4.05	-1.342577358
NaN	NaN	NaN	NaN	4.06	-2.994384329	4.06	-2.442297425	4.06	-1.898398058	4.06	-1.362557471
NaN	NaN	NaN	NaN	4.07	-3.018436716	4.07	-2.464984075	4.07	-1.919747014	4.07	-1.382597088
NaN	NaN	NaN	NaN	4.08	-3.04254875	4.08	-2.487730312	4.08	-1.941155509	4.08	-1.402696204
NaN	NaN	NaN	NaN	4.09	-3.066720433	4.09	-2.510536138	4.09	-1.962623542	4.09	-1.422854816
NaN	NaN	NaN	NaN	4.1	-3.090951768	4.1	-2.533401553	4.1	-1.984151112	4.1	-1.443072921
NaN	NaN	NaN	NaN	4.11	-3.115242757	4.11	-2.556326559	4.11	-2.005738217	4.11	-1.463350515
NaN	NaN	NaN	NaN	4.12	-3.139593404	4.12	-2.579311157	4.12	-2.027384856	4.12	-1.483687595
NaN	NaN	NaN	NaN	4.13	-3.164003712	4.13	-2.602355347	4.13	-2.049091029	4.13	-1.504084158
NaN	NaN	NaN	NaN	4.14	-3.188473684	4.14	-2.625459131	4.14	-2.070856734	4.14	-1.5245402
NaN	NaN	NaN	NaN	4.15	-3.213003324	4.15	-2.64862251	4.15	-2.092681971	4.15	-1.54505572
NaN	NaN	NaN	NaN	4.16	-3.237592634	4.16	-2.671845485	4.16	-2.114566739	4.16	-1.565630713
NaN	NaN	NaN	NaN	4.17	-3.262241617	4.17	-2.695128058	4.17	-2.136511037	4.17	-1.586265179
NaN	NaN	NaN	NaN	4.18	-3.286950279	4.18	-2.71847023	4.18	-2.158514865	4.18	-1.606959113
NaN	NaN	NaN	NaN	4.19	-3.311718622	4.19	-2.741872004	4.19	-2.180578223	4.19	-1.627712513
NaN	NaN	NaN	NaN	4.2	-3.336546649	4.2	-2.76533338	4.2	-2.20270111	4.2	-1.648525377
NaN	NaN	NaN	NaN	4.21	-3.361434365	4.21	-2.788854361	4.21	-2.224883526	4.21	-1.669397703
NaN	NaN	NaN	NaN	4.22	-3.386381773	4.22	-2.812434948	4.22	-2.247125472	4.22	-1.690329489
NaN	NaN	NaN	NaN	4.23	-3.411388878	4.23	-2.836075144	4.23	-2.269426946	4.23	-1.711320732
NaN	NaN	NaN	NaN	4.24	-3.436455682	4.24	-2.859774951	4.24	-2.291787949	4.24	-1.732371431
NaN	NaN	NaN	NaN	4.25	-3.461582191	4.25	-2.88353437	4.25	-2.314208482	4.25	-1.753481584
NaN	NaN	NaN	NaN	4.26	-3.486768409	4.26	-2.907353405	4.26	-2.336688544	4.26	-1.774651188
NaN	NaN	NaN	NaN	NaN	NaN	4.27	-2.931232056	4.27	-2.359228137	4.27	-1.795880243
NaN	NaN	NaN	NaN	NaN	NaN	4.28	-2.955170328	4.28	-2.381827259	4.28	-1.817168747
NaN	NaN	NaN	NaN	NaN	NaN	4.29	-2.979168222	4.29	-2.404485913	4.29	-1.838516697
NaN	NaN	NaN	NaN	NaN	NaN	4.3	-3.003225741	4.3	-2.427204099	4.3	-1.859924094
NaN	NaN	NaN	NaN	NaN	NaN	4.31	-3.027342887	4.31	-2.449981817	4.31	-1.881390936
NaN	NaN	NaN	NaN	NaN	NaN	4.32	-3.051519664	4.32	-2.472819069	4.32	-1.902917221
NaN	NaN	NaN	NaN	NaN	NaN	4.33	-3.075756074	4.33	-2.495715855	4.33	-1.924502949
NaN	NaN	NaN	NaN	NaN	NaN	4.34	-3.100052121	4.34	-2.518672176	4.34	-1.946148119
NaN	NaN	NaN	NaN	NaN	NaN	4.35	-3.124407806	4.35	-2.541688034	4.35	-1.967852729
NaN	NaN	NaN	NaN	NaN	NaN	4.36	-3.148823135	4.36	-2.56476343	4.36	-1.989616779
NaN	NaN	NaN	NaN	NaN	NaN	4.37	-3.173298108	4.37	-2.587898364	4.37	-2.011440269
NaN	NaN	NaN	NaN	NaN	NaN	4.38	-3.197832731	4.38	-2.611092839	4.38	-2.033323197
NaN	NaN	NaN	NaN	NaN	NaN	4.39	-3.222427006	4.39	-2.634346857	4.39	-2.055265565
NaN	NaN	NaN	NaN	NaN	NaN	4.4	-3.247080937	4.4	-2.657660417	4.4	-2.07726737
NaN	NaN	NaN	NaN	NaN	NaN	4.41	-3.271794527	4.41	-2.681033523	4.41	-2.099328613
NaN	NaN	NaN	NaN	NaN	NaN	4.42	-3.296567779	4.42	-2.704466176	4.42	-2.121449293
NaN	NaN	NaN	NaN	NaN	NaN	4.43	-3.321400699	4.43	-2.727958378	4.43	-2.143629412
NaN	NaN	NaN	NaN	NaN	NaN	4.44	-3.346293289	4.44	-2.751510131	4.44	-2.165868968
NaN	NaN	NaN	NaN	NaN	NaN	4.45	-3.371245553	4.45	-2.775121436	4.45	-2.188167962
NaN	NaN	NaN	NaN	NaN	NaN	4.46	-3.396257495	4.46	-2.798792297	4.46	-2.210526394
NaN	NaN	NaN	NaN	NaN	NaN	4.47	-3.421329119	4.47	-2.822522715	4.47	-2.232944264
NaN	NaN	NaN	NaN	NaN	NaN	4.48	-3.44646043	4.48	-2.846312692	4.48	-2.255421574
NaN	NaN	NaN	NaN	NaN	NaN	4.49	-3.471651431	4.49	-2.870162232	4.49	-2.277958322
NaN	NaN	NaN	NaN	NaN	NaN	4.5	-3.496902127	4.5	-2.894071335	4.5	-2.300554511
NaN	NaN	NaN	NaN	NaN	NaN	4.51	-3.522212522	4.51	-2.918040006	4.51	-2.32321014
NaN	NaN	NaN	NaN	NaN	NaN	4.52	-3.54758262	4.52	-2.942068246	4.52	-2.345925211
NaN	NaN	NaN	NaN	NaN	NaN	4.53	-3.573012426	4.53	-2.966156059	4.53	-2.368699724
NaN	NaN	NaN	NaN	NaN	NaN	4.54	-3.59850194	4.54	-2.990303447	4.54	-2.391533681
NaN	NaN	NaN	NaN	NaN	NaN	4.55	-3.624051159	4.55	-3.014510413	4.55	-2.414427082
NaN	NaN	NaN	NaN	NaN	NaN	4.56	-3.649660083	4.56	-3.03877696	4.56	-2.437379929
NaN	NaN	NaN	NaN	NaN	NaN	4.57	-3.675328711	4.57	-3.063103091	4.57	-2.460392222
NaN	NaN	NaN	NaN	NaN	NaN	4.58	-3.701057042	4.58	-3.08748881	4.58	-2.483463964
NaN	NaN	NaN	NaN	NaN	NaN	4.59	-3.726845075	4.59	-3.111934119	4.59	-2.506595156
NaN	NaN	NaN	NaN	NaN	NaN	4.6	-3.75269281	4.6	-3.136439022	4.6	-2.529785799
NaN	NaN	NaN	NaN	NaN	NaN	4.61	-3.778600246	4.61	-3.161003522	4.61	-2.553035895
NaN	NaN	NaN	NaN	NaN	NaN	4.62	-3.804567382	4.62	-3.185627623	4.62	-2.576345445
NaN	NaN	NaN	NaN	NaN	NaN	NaN	NaN	4.63	-3.210311329	4.63	-2.599714452
NaN	NaN	NaN	NaN	NaN	NaN	NaN	NaN	4.64	-3.235054642	4.64	-2.623142917
NaN	NaN	NaN	NaN	NaN	NaN	NaN	NaN	4.65	-3.259857567	4.65	-2.646630843
NaN	NaN	NaN	NaN	NaN	NaN	NaN	NaN	4.66	-3.284720108	4.66	-2.670178231
NaN	NaN	NaN	NaN	NaN	NaN	NaN	NaN	4.67	-3.309642269	4.67	-2.693785083
NaN	NaN	NaN	NaN	NaN	NaN	NaN	NaN	4.68	-3.334624053	4.68	-2.717451403
NaN	NaN	NaN	NaN	NaN	NaN	NaN	NaN	4.69	-3.359665464	4.69	-2.741177192
NaN	NaN	NaN	NaN	NaN	NaN	NaN	NaN	4.7	-3.384766508	4.7	-2.764962452
NaN	NaN	NaN	NaN	NaN	NaN	NaN	NaN	4.71	-3.409927187	4.71	-2.788807186
NaN	NaN	NaN	NaN	NaN	NaN	NaN	NaN	4.72	-3.435147506	4.72	-2.812711397
NaN	NaN	NaN	NaN	NaN	NaN	NaN	NaN	4.73	-3.46042747	4.73	-2.836675088
NaN	NaN	NaN	NaN	NaN	NaN	NaN	NaN	4.74	-3.485767084	4.74	-2.860698261
NaN	NaN	NaN	NaN	NaN	NaN	NaN	NaN	4.75	-3.511166351	4.75	-2.884780919
NaN	NaN	NaN	NaN	NaN	NaN	NaN	NaN	4.76	-3.536625275	4.76	-2.908923065
NaN	NaN	NaN	NaN	NaN	NaN	NaN	NaN	4.77	-3.562143856	4.77	-2.933124702
NaN	NaN	NaN	NaN	NaN	NaN	NaN	NaN	4.78	-3.587722092	4.78	-2.957385833
NaN	NaN	NaN	NaN	NaN	NaN	NaN	NaN	4.79	-3.613359982	4.79	-2.981706462
NaN	NaN	NaN	NaN	NaN	NaN	NaN	NaN	4.8	-3.639057527	4.8	-3.006086591
NaN	NaN	NaN	NaN	NaN	NaN	NaN	NaN	4.81	-3.664814724	4.81	-3.030526225
NaN	NaN	NaN	NaN	NaN	NaN	NaN	NaN	4.82	-3.690631573	4.82	-3.055025365
NaN	NaN	NaN	NaN	NaN	NaN	NaN	NaN	4.83	-3.716508074	4.83	-3.079584018
NaN	NaN	NaN	NaN	NaN	NaN	NaN	NaN	4.84	-3.742444226	4.84	-3.104202184
NaN	NaN	NaN	NaN	NaN	NaN	NaN	NaN	4.85	-3.768440029	4.85	-3.128879869
NaN	NaN	NaN	NaN	NaN	NaN	NaN	NaN	4.86	-3.794495483	4.86	-3.153617077
NaN	NaN	NaN	NaN	NaN	NaN	NaN	NaN	4.87	-3.820610587	4.87	-3.17841381
NaN	NaN	NaN	NaN	NaN	NaN	NaN	NaN	4.88	-3.846785342	4.88	-3.203270073
NaN	NaN	NaN	NaN	NaN	NaN	NaN	NaN	4.89	-3.873019747	4.89	-3.228185871
NaN	NaN	NaN	NaN	NaN	NaN	NaN	NaN	4.9	-3.899313803	4.9	-3.253161206
NaN	NaN	NaN	NaN	NaN	NaN	NaN	NaN	4.91	-3.92566751	4.91	-3.278196084
NaN	NaN	NaN	NaN	NaN	NaN	NaN	NaN	4.92	-3.952080869	4.92	-3.303290509
NaN	NaN	NaN	NaN	NaN	NaN	NaN	NaN	4.93	-3.97855388	4.93	-3.328444484
NaN	NaN	NaN	NaN	NaN	NaN	NaN	NaN	4.94	-4.005086544	4.94	-3.353658015
NaN	NaN	NaN	NaN	NaN	NaN	NaN	NaN	4.95	-4.031678861	4.95	-3.378931106
NaN	NaN	NaN	NaN	NaN	NaN	NaN	NaN	4.96	-4.058330832	4.96	-3.404263762
NaN	NaN	NaN	NaN	NaN	NaN	NaN	NaN	4.97	-4.085042459	4.97	-3.429655986
NaN	NaN	NaN	NaN	NaN	NaN	NaN	NaN	4.98	-4.111813742	4.98	-3.455107785
NaN	NaN	NaN	NaN	NaN	NaN	NaN	NaN	4.99	-4.138644682	4.99	-3.480619159
NaN	NaN	NaN	NaN	NaN	NaN	NaN	NaN	5	-4.165535281	5	-3.506190108
NaN	NaN	NaN	NaN	NaN	NaN	NaN	NaN	NaN	NaN	5.01	-3.531820632
NaN	NaN	NaN	NaN	NaN	NaN	NaN	NaN	NaN	NaN	5.02	-3.557510729
NaN	NaN	NaN	NaN	NaN	NaN	NaN	NaN	NaN	NaN	5.03	-3.583260398
NaN	NaN	NaN	NaN	NaN	NaN	NaN	NaN	NaN	NaN	5.04	-3.60906964
NaN	NaN	NaN	NaN	NaN	NaN	NaN	NaN	NaN	NaN	5.05	-3.634938453
NaN	NaN	NaN	NaN	NaN	NaN	NaN	NaN	NaN	NaN	5.06	-3.660866838
NaN	NaN	NaN	NaN	NaN	NaN	NaN	NaN	NaN	NaN	5.07	-3.686854793
NaN	NaN	NaN	NaN	NaN	NaN	NaN	NaN	NaN	NaN	5.08	-3.71290232
NaN	NaN	NaN	NaN	NaN	NaN	NaN	NaN	NaN	NaN	5.09	-3.739009418
NaN	NaN	NaN	NaN	NaN	NaN	NaN	NaN	NaN	NaN	5.1	-3.765176086
NaN	NaN	NaN	NaN	NaN	NaN	NaN	NaN	NaN	NaN	5.11	-3.791402326
NaN	NaN	NaN	NaN	NaN	NaN	NaN	NaN	NaN	NaN	5.12	-3.817688138
NaN	NaN	NaN	NaN	NaN	NaN	NaN	NaN	NaN	NaN	5.13	-3.844033522
NaN	NaN	NaN	NaN	NaN	NaN	NaN	NaN	NaN	NaN	5.14	-3.870438478
NaN	NaN	NaN	NaN	NaN	NaN	NaN	NaN	NaN	NaN	5.15	-3.896903007
NaN	NaN	NaN	NaN	NaN	NaN	NaN	NaN	NaN	NaN	5.16	-3.92342711
NaN	NaN	NaN	NaN	NaN	NaN	NaN	NaN	NaN	NaN	5.17	-3.950010788
NaN	NaN	NaN	NaN	NaN	NaN	NaN	NaN	NaN	NaN	5.18	-3.976654042
NaN	NaN	NaN	NaN	NaN	NaN	NaN	NaN	NaN	NaN	5.19	-4.003356872
NaN	NaN	NaN	NaN	NaN	NaN	NaN	NaN	NaN	NaN	5.2	-4.03011928
NaN	NaN	NaN	NaN	NaN	NaN	NaN	NaN	NaN	NaN	5.21	-4.056941267
NaN	NaN	NaN	NaN	NaN	NaN	NaN	NaN	NaN	NaN	5.22	-4.083822835
NaN	NaN	NaN	NaN	NaN	NaN	NaN	NaN	NaN	NaN	5.23	-4.110763985
NaN	NaN	NaN	NaN	NaN	NaN	NaN	NaN	NaN	NaN	5.24	-4.137764718
NaN	NaN	NaN	NaN	NaN	NaN	NaN	NaN	NaN	NaN	5.25	-4.164825036
NaN	NaN	NaN	NaN	NaN	NaN	NaN	NaN	NaN	NaN	5.26	-4.191944941
NaN	NaN	NaN	NaN	NaN	NaN	NaN	NaN	NaN	NaN	5.27	-4.219124434
NaN	NaN	NaN	NaN	NaN	NaN	NaN	NaN	NaN	NaN	5.28	-4.246363519
NaN	NaN	NaN	NaN	NaN	NaN	NaN	NaN	NaN	NaN	5.29	-4.273662196
NaN	NaN	NaN	NaN	NaN	NaN	NaN	NaN	NaN	NaN	5.3	-4.301020468
NaN	NaN	NaN	NaN	NaN	NaN	NaN	NaN	NaN	NaN	5.31	-4.328438337
NaN	NaN	NaN	NaN	NaN	NaN	NaN	NaN	NaN	NaN	5.32	-4.355915806
NaN	NaN	NaN	NaN	NaN	NaN	NaN	NaN	NaN	NaN	5.33	-4.383452877
NaN	NaN	NaN	NaN	NaN	NaN	NaN	NaN	NaN	NaN	5.34	-4.411049553
NaN	NaN	NaN	NaN	NaN	NaN	NaN	NaN	NaN	NaN	5.35	-4.438705836
NaN	NaN	NaN	NaN	NaN	NaN	NaN	NaN	NaN	NaN	5.36	-4.466421728
NaN	NaN	NaN	NaN	NaN	NaN	NaN	NaN	NaN	NaN	5.37	-4.494197234
NaN	NaN	NaN	NaN	NaN	NaN	NaN	NaN	NaN	NaN	5.38	-4.522032356
NaN	NaN	NaN	NaN	NaN	NaN	NaN	NaN	NaN	NaN	5.39	-4.549927097
NaN	NaN	NaN	NaN	NaN	NaN	NaN	NaN	NaN	NaN	5.4	-4.577881459
NaN	NaN	NaN	NaN	NaN	NaN	NaN	NaN	NaN	NaN	5.41	-4.605895447