t1		p1			t2		p2			t3		p3			t4		p4			t5		p5			t6		p6
0.01	0.001015711	0.01	0.00101933	0.01	0.001022953	0.01	0.001026581	0.01	0.001030212	0.01	0.001033843
0.02	0.002691842	0.02	0.002701803	0.02	0.002711774	0.02	0.002721751	0.02	0.002731731	0.02	0.002741711
0.03	0.005013995	0.03	0.005033288	0.03	0.005052592	0.03	0.0050719	0.03	0.005091206	0.03	0.005110504
0.04	0.007967762	0.04	0.007999644	0.04	0.008031531	0.04	0.008063411	0.04	0.008095275	0.04	0.008127112
0.05	0.011538726	0.05	0.01158672	0.05	0.011634702	0.05	0.011682656	0.05	0.011730567	0.05	0.01177842
0.06	0.015712457	0.06	0.015780356	0.06	0.015848211	0.06	0.015916001	0.06	0.015983705	0.06	0.016051302
0.07	0.02047452	0.07	0.020566382	0.07	0.020658151	0.07	0.020749799	0.07	0.020841299	0.07	0.020932624
0.08	0.025810467	0.08	0.025930618	0.08	0.026050606	0.08	0.026170396	0.08	0.026289954	0.08	0.026409244
0.09	0.031705839	0.09	0.031858874	0.09	0.032011652	0.09	0.03216413	0.09	0.032316264	0.09	0.03246801
0.1	0.038146168	0.1	0.03833695	0.1	0.038527353	0.1	0.038717325	0.1	0.038906812	0.1	0.039095762
0.11	0.045116977	0.11	0.045350636	0.11	0.045583765	0.11	0.045816299	0.11	0.046048176	0.11	0.046279331
0.12	0.052603774	0.12	0.052885712	0.12	0.053166932	0.12	0.053447359	0.12	0.053726919	0.12	0.054005536
0.13	0.060592061	0.13	0.060927947	0.13	0.06126289	0.13	0.061596803	0.13	0.061929599	0.13	0.06226119
0.14	0.069067326	0.14	0.069463098	0.14	0.069857662	0.14	0.070250917	0.14	0.070642761	0.14	0.071033096
0.15	0.078015048	0.15	0.078476915	0.15	0.078937263	0.15	0.079395977	0.15	0.079852943	0.15	0.080308044
0.16	0.087420694	0.16	0.087955134	0.16	0.088487696	0.16	0.089018252	0.16	0.089546669	0.16	0.090072818
0.17	0.097269721	0.17	0.097883481	0.17	0.098494955	0.17	0.099103996	0.17	0.099710457	0.17	0.100314191
0.18	0.107547572	0.18	0.108247671	0.18	0.10894502	0.18	0.109639455	0.18	0.110330812	0.18	0.111018925
0.19	0.118239682	0.19	0.119033409	0.19	0.119823864	0.19	0.120610865	0.19	0.121394229	0.19	0.122173773
0.2	0.129331474	0.2	0.130226387	0.2	0.131117446	0.2	0.132004449	0.2	0.132887194	0.2	0.133765477
0.21	0.140808357	0.21	0.141812287	0.21	0.142811716	0.21	0.143806421	0.21	0.144796181	0.21	0.145780769
0.22	0.15265573	0.22	0.153776779	0.22	0.154892612	0.22	0.156002985	0.22	0.157107653	0.22	0.15820637
0.23	0.164858983	0.23	0.166105523	0.23	0.16734606	0.23	0.16858033	0.23	0.169808063	0.23	0.171028992
0.24	0.177403489	0.24	0.178784164	0.24	0.180157977	0.24	0.181524638	0.24	0.182883854	0.24	0.184235334
0.25	0.190274613	0.25	0.19179834	0.25	0.193314266	0.25	0.194822077	0.25	0.196321456	0.25	0.197812086
0.26	0.203457706	0.26	0.205133673	0.26	0.20680082	0.26	0.208458806	0.26	0.21010729	0.26	0.211745926
0.27	0.21693811	0.27	0.218775777	0.27	0.22060352	0.27	0.222420971	0.27	0.224227763	0.27	0.226023523
0.28	0.230701151	0.28	0.23271025	0.28	0.234708234	0.28	0.236694708	0.28	0.238669274	0.28	0.240631533
0.29	0.244732145	0.29	0.246922682	0.29	0.249100822	0.29	0.251266139	0.29	0.253418209	0.29	0.255556602
0.3	0.259016397	0.3	0.261398649	0.3	0.263767127	0.3	0.266121377	0.3	0.268460943	0.3	0.270785363
0.31	0.273539196	0.31	0.276123715	0.31	0.278692985	0.31	0.281246522	0.31	0.283783838	0.31	0.28630444
0.32	0.288285822	0.32	0.291083431	0.32	0.293864217	0.32	0.296627662	0.32	0.299373246	0.32	0.302100445
0.33	0.303241541	0.33	0.306263338	0.33	0.309266632	0.33	0.312250874	0.33	0.315215508	0.33	0.318159977
0.34	0.318391608	0.34	0.321648963	0.34	0.324886029	0.34	0.328102222	0.34	0.331296952	0.34	0.334469625
0.35	0.333721263	0.35	0.337225821	0.35	0.340708194	0.35	0.344167759	0.35	0.347603893	0.35	0.351015967
0.36	0.349215735	0.36	0.352979415	0.36	0.356718898	0.36	0.360433526	0.36	0.364122638	0.36	0.367785567
0.37	0.364860241	0.37	0.368895235	0.37	0.372903903	0.37	0.376885551	0.37	0.380839478	0.37	0.38476498
0.38	0.380639983	0.38	0.384958759	0.38	0.389248959	0.38	0.39350985	0.38	0.397740694	0.38	0.401940747
0.39	0.396540153	0.39	0.401155451	0.39	0.4057398	0.39	0.410292428	0.39	0.414812555	0.39	0.419299397
0.4	0.412545928	0.4	0.417470764	0.4	0.422362151	0.4	0.427219276	0.4	0.432041318	0.4	0.43682745
0.41	0.428642474	0.41	0.433890138	0.41	0.439101723	0.41	0.444276373	0.41	0.449413226	0.41	0.454511411
0.42	0.444814941	0.42	0.450399	0.42	0.455944214	0.42	0.461449687	0.42	0.466914511	0.42	0.472337774
0.43	0.461048469	0.43	0.466982763	0.43	0.472875311	0.43	0.478725172	0.43	0.484531394	0.43	0.49029302
0.44	0.477328185	0.44	0.483626829	0.44	0.489880686	0.44	0.496088769	0.44	0.502250082	0.44	0.50836362
0.45	0.4936392	0.45	0.500316586	0.45	0.506946	0.45	0.513526409	0.45	0.52005677	0.45	0.52653603
0.46	0.509966616	0.46	0.51703741	0.46	0.524056901	0.46	0.531024008	0.46	0.53793764	0.46	0.544796696
0.47	0.526295518	0.47	0.533774663	0.47	0.541199023	0.47	0.54856747	0.47	0.555878862	0.47	0.56313205
0.48	0.54261098	0.48	0.550513694	0.48	0.558357989	0.48	0.566142686	0.48	0.573866595	0.48	0.581528513
0.49	0.558898063	0.49	0.567239841	0.49	0.575519408	0.49	0.583735536	0.49	0.591886982	0.49	0.599972493
0.5	0.575141814	0.5	0.583938426	0.5	0.592668877	0.5	0.601331884	0.5	0.609926156	0.5	0.618450385
0.51	0.591334425	0.51	0.600601774	0.51	0.60979885	0.51	0.618924317	0.51	0.62797683	0.51	0.636955027
0.52	0.607475243	0.52	0.617229222	0.52	0.626908652	0.52	0.636512146	0.52	0.646038302	0.52	0.655485706
0.53	0.623563613	0.53	0.633820103	0.53	0.643997606	0.53	0.654094682	0.53	0.664109873	0.53	0.674041707
0.54	0.639598884	0.54	0.650373753	0.54	0.661065037	0.54	0.671671237	0.54	0.682190841	0.54	0.69262232
0.55	0.655580401	0.55	0.666889508	0.55	0.678110268	0.55	0.689241125	0.55	0.700280509	0.55	0.711226833
0.56	0.671507512	0.56	0.683366705	0.56	0.695132626	0.56	0.70680366	0.56	0.718378178	0.56	0.729854533
0.57	0.687379565	0.57	0.699804681	0.57	0.712131435	0.57	0.724358154	0.57	0.736483149	0.57	0.748504713
0.58	0.703195909	0.58	0.716202774	0.58	0.729106022	0.58	0.741903923	0.58	0.754594725	0.58	0.76717666
0.59	0.718955892	0.59	0.73256032	0.59	0.746055714	0.59	0.759440281	0.59	0.772712209	0.59	0.785869667
0.6	0.734658863	0.6	0.748876659	0.6	0.762979838	0.6	0.776966545	0.6	0.790834906	0.6	0.804583025
0.61	0.750304172	0.61	0.765151129	0.61	0.779877721	0.61	0.79448203	0.61	0.808962119	0.61	0.823316027
0.62	0.76589117	0.62	0.781383069	0.62	0.796748691	0.62	0.811986053	0.62	0.827093153	0.62	0.842067965
0.63	0.781419206	0.63	0.797571819	0.63	0.813592077	0.63	0.829477932	0.63	0.845227315	0.63	0.860838132
0.64	0.79688763	0.64	0.81371672	0.64	0.830407208	0.64	0.846956983	0.64	0.863363909	0.64	0.879625823
0.65	0.812295796	0.65	0.829817111	0.65	0.847193414	0.65	0.864422526	0.65	0.881502242	0.65	0.898430332
0.66	0.827643053	0.66	0.845872334	0.66	0.863950025	0.66	0.881873879	0.66	0.899641623	0.66	0.917250956
0.67	0.842928755	0.67	0.86188173	0.67	0.880676371	0.67	0.899310361	0.67	0.917781358	0.67	0.936086989
0.68	0.858152253	0.68	0.877844641	0.68	0.897371783	0.68	0.916731293	0.68	0.935920755	0.68	0.954937728
0.69	0.8733129	0.69	0.893760409	0.69	0.914035593	0.69	0.934135994	0.69	0.954059125	0.69	0.973802471
0.7	0.888410049	0.7	0.909628377	0.7	0.930667133	0.7	0.951523785	0.7	0.972195776	0.7	0.992680515
0.71	0.903443055	0.71	0.925447889	0.71	0.947265734	0.71	0.968893988	0.71	0.990330018	0.71	1.011571159
0.72	0.918411271	0.72	0.941218287	0.72	0.963830731	0.72	0.986245925	0.72	1.008461163	0.72	1.030473701
0.73	0.933314051	0.73	0.956938916	0.73	0.980361456	0.73	1.003578918	0.73	1.02658852	0.73	1.049387442
0.74	0.94815075	0.74	0.972609121	0.74	0.996857243	0.74	1.02089229	0.74	1.044711402	0.74	1.068311682
0.75	0.962920724	0.75	0.988228245	0.75	1.013317427	0.75	1.038185365	0.75	1.062829121	0.75	1.08724572
0.76	0.977623328	0.76	1.003795636	0.76	1.029741341	0.76	1.055457465	0.76	1.08094099	0.76	1.10618886
0.77	0.992257918	0.77	1.019310637	0.77	1.046128323	0.77	1.072707917	0.77	1.099046322	0.77	1.125140402
0.78	1.006823849	0.78	1.034772595	0.78	1.062477706	0.78	1.089936044	0.78	1.117144431	0.78	1.144099649
0.79	1.02132048	0.79	1.050180858	0.79	1.078788828	0.79	1.107141172	0.79	1.135234632	0.79	1.163065905
0.8	1.035747167	0.8	1.065534772	0.8	1.095061025	0.8	1.124322627	0.8	1.153316239	0.8	1.182038474
0.81	1.050103268	0.81	1.080833683	0.81	1.111293633	0.81	1.141479736	0.81	1.171388568	0.81	1.201016658
0.82	1.064388139	0.82	1.096076941	0.82	1.127485991	0.82	1.158611825	0.82	1.189450935	0.82	1.219999765
0.83	1.078601141	0.83	1.111263894	0.83	1.143637436	0.83	1.175718222	0.83	1.207502656	0.83	1.238987098
0.84	1.09274163	0.84	1.126393889	0.84	1.159747308	0.84	1.192798254	0.84	1.225543049	0.84	1.257977964
0.85	1.106808967	0.85	1.141466277	0.85	1.175814943	0.85	1.20985125	0.85	1.243571432	0.85	1.27697167
0.86	1.12080251	0.86	1.156480406	0.86	1.191839683	0.86	1.22687654	0.86	1.261587122	0.86	1.295967523
0.87	1.13472162	0.87	1.171435626	0.87	1.207820867	0.87	1.243873451	0.87	1.279589438	0.87	1.31496483
0.88	1.148565656	0.88	1.186331288	0.88	1.223757834	0.88	1.260841315	0.88	1.297577699	0.88	1.333962901
0.89	1.162333979	0.89	1.201166743	0.89	1.239649926	0.89	1.27777946	0.89	1.315551226	0.89	1.352961043
0.9	1.17602595	0.9	1.215941341	0.9	1.255496483	0.9	1.294687219	0.9	1.333509338	0.9	1.371958567
0.91	1.18964093	0.91	1.230654435	0.91	1.271296848	0.91	1.311563923	0.91	1.351451356	0.91	1.390954783
0.92	1.20317828	0.92	1.245305375	0.92	1.287050361	0.92	1.328408902	0.92	1.369376602	0.92	1.409949
0.93	1.216637362	0.93	1.259893514	0.93	1.302756366	0.93	1.34522149	0.93	1.387284396	0.93	1.428940531
0.94	1.23001754	0.94	1.274418205	0.94	1.318414205	0.94	1.362001019	0.94	1.405174063	0.94	1.447928686
0.95	1.243318175	0.95	1.288878802	0.95	1.334023222	0.95	1.378746822	0.95	1.423044923	0.95	1.466912779
0.96	1.25653863	0.96	1.303274657	0.96	1.34958276	0.96	1.395458233	0.96	1.440896302	0.96	1.485892121
0.97	1.26967827	0.97	1.317605124	0.97	1.365092163	0.97	1.412134586	0.97	1.458727521	0.97	1.504866027
0.98	1.282736457	0.98	1.331869558	0.98	1.380550776	0.98	1.428775215	0.98	1.476537907	0.98	1.52383381
0.99	1.295712556	0.99	1.346067313	0.99	1.395957944	0.99	1.445379456	0.99	1.494326783	0.99	1.542794784
1	1.308605931	1	1.360197744	1	1.411313012	1	1.461946644	1	1.512093475	1	1.561748266
1.01	1.321415947	1.01	1.374260208	1.01	1.426615326	1.01	1.478476114	1.01	1.529837309	1.01	1.580693569
1.02	1.33414197	1.02	1.388254058	1.02	1.441864232	1.02	1.494967204	1.02	1.547557612	1.02	1.59963001
1.03	1.346783364	1.03	1.402178653	1.03	1.457059077	1.03	1.51141925	1.03	1.565253709	1.03	1.618556906
1.04	1.359339496	1.04	1.416033349	1.04	1.472199208	1.04	1.527831589	1.04	1.582924928	1.04	1.637473574
1.05	1.371809732	1.05	1.429817501	1.05	1.487283972	1.05	1.54420356	1.05	1.600570598	1.05	1.656379332
1.06	1.384193438	1.06	1.443530469	1.06	1.502312717	1.06	1.5605345	1.06	1.618190046	1.06	1.675273497
1.07	1.396489982	1.07	1.457171609	1.07	1.517284793	1.07	1.576823748	1.07	1.635782601	1.07	1.694155388
1.08	1.40869873	1.08	1.470740279	1.08	1.532199546	1.08	1.593070643	1.08	1.653347592	1.08	1.713024325
1.09	1.420819051	1.09	1.484235839	1.09	1.547056327	1.09	1.609274524	1.09	1.67088435	1.09	1.731879627
1.1	1.432850313	1.1	1.497657647	1.1	1.561854485	1.1	1.625434733	1.1	1.688392204	1.1	1.750720615
1.11	1.444791882	1.11	1.511005062	1.11	1.57659337	1.11	1.641550608	1.11	1.705870485	1.11	1.769546609
1.12	1.456643129	1.12	1.524277444	1.12	1.591272332	1.12	1.657621492	1.12	1.723318525	1.12	1.788356931
1.13	1.468403423	1.13	1.537474153	1.13	1.605890722	1.13	1.673646724	1.13	1.740735654	1.13	1.807150902
1.14	1.480072132	1.14	1.55059455	1.14	1.620447892	1.14	1.689625648	1.14	1.758121206	1.14	1.825927845
1.15	1.491648626	1.15	1.563637994	1.15	1.634943192	1.15	1.705557605	1.15	1.775474512	1.15	1.844687083
1.16	1.503132276	1.16	1.576603847	1.16	1.649375976	1.16	1.721441938	1.16	1.792794906	1.16	1.863427938
1.17	1.514522451	1.17	1.589491471	1.17	1.663745594	1.17	1.73727799	1.17	1.810081721	1.17	1.882149735
1.18	1.525818522	1.18	1.602300228	1.18	1.6780514	1.18	1.753065104	1.18	1.827334292	1.18	1.900851799
1.19	1.537019861	1.19	1.615029479	1.19	1.692292748	1.19	1.768802625	1.19	1.844551952	1.19	1.919533453
1.2	1.548125839	1.2	1.627678587	1.2	1.70646899	1.2	1.784489896	1.2	1.861734037	1.2	1.938194023
1.21	1.559135827	1.21	1.640246915	1.21	1.720579481	1.21	1.800126263	1.21	1.878879882	1.21	1.956832836
1.22	1.570049197	1.22	1.652733827	1.22	1.734623574	1.22	1.81571107	1.22	1.895988823	1.22	1.975449218
1.23	1.580865322	1.23	1.665138685	1.23	1.748600626	1.23	1.831243664	1.23	1.913060197	1.23	1.994042494
1.24	1.591583575	1.24	1.677460855	1.24	1.76250999	1.24	1.846723389	1.24	1.930093339	1.24	2.012611993
1.25	1.602203327	1.25	1.6896997	1.25	1.776351022	1.25	1.862149594	1.25	1.947087588	1.25	2.031157043
1.26	1.612723954	1.26	1.701854585	1.26	1.790123079	1.26	1.877521624	1.26	1.964042281	1.26	2.049676972
1.27	1.623144828	1.27	1.713924876	1.27	1.803825516	1.27	1.892838827	1.27	1.980956756	1.27	2.068171108
1.28	1.633465323	1.28	1.725909937	1.28	1.81745769	1.28	1.908100551	1.28	1.997830351	1.28	2.086638781
1.29	1.643684813	1.29	1.737809134	1.29	1.831018959	1.29	1.923306144	1.29	2.014662407	1.29	2.10507932
1.3	1.653802674	1.3	1.749621834	1.3	1.844508679	1.3	1.938454954	1.3	2.031452261	1.3	2.123492056
1.31	1.663818279	1.31	1.761347402	1.31	1.857926208	1.31	1.95354633	1.31	2.048199255	1.31	2.14187632
1.32	1.673731005	1.32	1.772985207	1.32	1.871270906	1.32	1.968579622	1.32	2.064902728	1.32	2.160231443
1.33	1.683540227	1.33	1.784534614	1.33	1.884542129	1.33	1.983554179	1.33	2.081562021	1.33	2.178556756
1.34	1.69324532	1.34	1.795994992	1.34	1.897739238	1.34	1.998469352	1.34	2.098176476	1.34	2.196851592
1.35	1.702845661	1.35	1.807365709	1.35	1.910861591	1.35	2.013324491	1.35	2.114745435	1.35	2.215115283
1.36	1.712340626	1.36	1.818646131	1.36	1.923908548	1.36	2.028118948	1.36	2.131268238	1.36	2.233347163
1.37	1.721729593	1.37	1.829835629	1.37	1.936879469	1.37	2.042852072	1.37	2.147744229	1.37	2.251546564
1.38	1.731011937	1.38	1.840933571	1.38	1.949773715	1.38	2.057523218	1.38	2.164172752	1.38	2.269712821
1.39	1.740187037	1.39	1.851939326	1.39	1.962590647	1.39	2.072131735	1.39	2.180553148	1.39	2.287845269
1.4	1.74925427	1.4	1.862852264	1.4	1.975329625	1.4	2.086676978	1.4	2.196884763	1.4	2.305943242
1.41	1.758213014	1.41	1.873671754	1.41	1.987990011	1.41	2.101158299	1.41	2.21316694	1.41	2.324006076
1.42	1.767062647	1.42	1.884397167	1.42	2.000571167	1.42	2.115575052	1.42	2.229399025	1.42	2.342033106
1.43	1.775802549	1.43	1.895027874	1.43	2.013072456	1.43	2.12992659	1.43	2.245580361	1.43	2.36002367
1.44	1.784432098	1.44	1.905563244	1.44	2.025493239	1.44	2.144212267	1.44	2.261710296	1.44	2.377977103
1.45	1.792950673	1.45	1.916002651	1.45	2.037832881	1.45	2.158431439	1.45	2.277788174	1.45	2.395892743
1.46	1.801357654	1.46	1.926345464	1.46	2.050090743	1.46	2.172583459	1.46	2.293813343	1.46	2.413769929
1.47	1.80965242	1.47	1.936591057	1.47	2.062266191	1.47	2.186667684	1.47	2.309785148	1.47	2.431607997
1.48	1.817834352	1.48	1.946738801	1.48	2.074358587	1.48	2.200683469	1.48	2.325702938	1.48	2.449406286
1.49	1.82590283	1.49	1.956788069	1.49	2.086367297	1.49	2.21463017	1.49	2.34156606	1.49	2.467164137
1.5	1.833857235	1.5	1.966738233	1.5	2.098291685	1.5	2.228507144	1.5	2.357373862	1.5	2.484880887
1.51	1.841696947	1.51	1.976588667	1.51	2.110131117	1.51	2.242313747	1.51	2.373125692	1.51	2.502555877
1.52	1.849421349	1.52	1.986338745	1.52	2.121884957	1.52	2.256049337	1.52	2.3888209	1.52	2.520188448
1.53	1.857029821	1.53	1.995987839	1.53	2.133552572	1.53	2.269713271	1.53	2.404458834	1.53	2.53777794
1.54	1.864521746	1.54	2.005535325	1.54	2.145133328	1.54	2.283304908	1.54	2.420038845	1.54	2.555323694
1.55	1.871896506	1.55	2.014980577	1.55	2.156626591	1.55	2.296823606	1.55	2.435560282	1.55	2.572825053
1.56	1.879153482	1.56	2.02432297	1.56	2.168031729	1.56	2.310268724	1.56	2.451022496	1.56	2.590281358
1.57	1.886292059	1.57	2.033561878	1.57	2.179348108	1.57	2.32363962	1.57	2.466424839	1.57	2.607691953
1.58	1.893311618	1.58	2.042696677	1.58	2.190575095	1.58	2.336935655	1.58	2.48176666	1.58	2.625056179
1.59	1.900211544	1.59	2.051726743	1.59	2.20171206	1.59	2.350156188	1.59	2.497047313	1.59	2.64237338
1.6	1.906991219	1.6	2.060651452	1.6	2.21275837	1.6	2.363300579	1.6	2.512266149	1.6	2.659642901
1.61	1.913650028	1.61	2.06947018	1.61	2.223713394	1.61	2.37636819	1.61	2.527422521	1.61	2.676864086
1.62	1.920187355	1.62	2.078182304	1.62	2.234576501	1.62	2.389358381	1.62	2.542515781	1.62	2.694036279
1.63	1.926602584	1.63	2.086787201	1.63	2.24534706	1.63	2.402270513	1.63	2.557545284	1.63	2.711158825
1.64	1.9328951	1.64	2.095284248	1.64	2.25602444	1.64	2.415103949	1.64	2.572510382	1.64	2.728231071
1.65	1.939064288	1.65	2.103672822	1.65	2.266608012	1.65	2.42785805	1.65	2.58741043	1.65	2.745252361
1.66	1.945109533	1.66	2.111952303	1.66	2.277097145	1.66	2.440532179	1.66	2.602244782	1.66	2.762222044
1.67	1.951030221	1.67	2.120122067	1.67	2.287491212	1.67	2.453125698	1.67	2.617012794	1.67	2.779139464
1.68	1.956825738	1.68	2.128181493	1.68	2.297789581	1.68	2.465637972	1.68	2.63171382	1.68	2.796003971
1.69	1.96249547	1.69	2.13612996	1.69	2.307991626	1.69	2.478068362	1.69	2.646347216	1.69	2.81281491
1.7	1.968038802	1.7	2.143966848	1.7	2.318096717	1.7	2.490416235	1.7	2.660912339	1.7	2.829571631
1.71	1.973455123	1.71	2.151691535	1.71	2.328104226	1.71	2.502680952	1.71	2.675408545	1.71	2.846273483
1.72	1.978743818	1.72	2.159303401	1.72	2.338013525	1.72	2.51486188	1.72	2.68983519	1.72	2.862919813
1.73	1.983904276	1.73	2.166801827	1.73	2.347823988	1.73	2.526958383	1.73	2.704191632	1.73	2.879509971
1.74	1.988935882	1.74	2.174186191	1.74	2.357534987	1.74	2.538969827	1.74	2.718477228	1.74	2.896043307
1.75	1.993838026	1.75	2.181455877	1.75	2.367145896	1.75	2.550895577	1.75	2.732691337	1.75	2.912519172
1.76	1.998610095	1.76	2.188610263	1.76	2.376656087	1.76	2.562734999	1.76	2.746833316	1.76	2.928936915
1.77	2.003251477	1.77	2.195648731	1.77	2.386064935	1.77	2.57448746	1.77	2.760902525	1.77	2.945295888
1.78	2.007761562	1.78	2.202570662	1.78	2.395371814	1.78	2.586152326	1.78	2.774898322	1.78	2.961595442
1.79	2.012139737	1.79	2.20937544	1.79	2.404576098	1.79	2.597728964	1.79	2.788820068	1.79	2.977834929
1.8	2.016385392	1.8	2.216062444	1.8	2.413677163	1.8	2.609216743	1.8	2.802667121	1.8	2.994013701
1.81	2.020497916	1.81	2.222631058	1.81	2.422674383	1.81	2.620615029	1.81	2.816438842	1.81	3.01013111
1.82	2.024476699	1.82	2.229080665	1.82	2.431567134	1.82	2.63192319	1.82	2.830134593	1.82	3.02618651
1.83	2.02832113	1.83	2.235410646	1.83	2.440354792	1.83	2.643140596	1.83	2.843753732	1.83	3.042179254
1.84	2.0320306	1.84	2.241620387	1.84	2.449036733	1.84	2.654266615	1.84	2.857295623	1.84	3.058108696
1.85	2.0356045	1.85	2.247709269	1.85	2.457612332	1.85	2.665300616	1.85	2.870759627	1.85	3.073974189
1.86	2.039042219	1.86	2.253676676	1.86	2.466080968	1.86	2.676241969	1.86	2.884145105	1.86	3.089775089
1.87	2.042343149	1.87	2.259521994	1.87	2.474442017	1.87	2.687090043	1.87	2.897451421	1.87	3.10551075
1.88	2.045506681	1.88	2.265244605	1.88	2.482694855	1.88	2.697844208	1.88	2.910677936	1.88	3.121180528
1.89	2.048532205	1.89	2.270843895	1.89	2.490838862	1.89	2.708503835	1.89	2.923824015	1.89	3.136783778
1.9	2.051419115	1.9	2.276319248	1.9	2.498873414	1.9	2.719068296	1.9	2.93688902	1.9	3.152319857
1.91	2.054166802	1.91	2.28167005	1.91	2.506797891	1.91	2.72953696	1.91	2.949872316	1.91	3.167788121
1.92	2.056774657	1.92	2.286895686	1.92	2.51461167	1.92	2.7399092	1.92	2.962773267	1.92	3.183187927
1.93	2.059242074	1.93	2.291995542	1.93	2.52231413	1.93	2.750184387	1.93	2.975591237	1.93	3.198518631
1.94	2.061568445	1.94	2.296969004	1.94	2.529904651	1.94	2.760361893	1.94	2.988325591	1.94	3.213779593
1.95	2.063753163	1.95	2.301815458	1.95	2.537382611	1.95	2.770441092	1.95	3.000975695	1.95	3.228970169
1.96	2.06579562	1.96	2.30653429	1.96	2.544747392	1.96	2.780421355	1.96	3.013540914	1.96	3.244089718
1.97	2.067695212	1.97	2.311124888	1.97	2.551998372	1.97	2.790302055	1.97	3.026020614	1.97	3.2591376
1.98	2.069451331	1.98	2.315586638	1.98	2.559134932	1.98	2.800082567	1.98	3.038414161	1.98	3.274113172
1.99	2.07106337	1.99	2.319918928	1.99	2.566156453	1.99	2.809762264	1.99	3.050720923	1.99	3.289015795
2	2.072530725	2	2.324121145	2	2.573062315	2	2.81934052	2	3.062940267	2	3.303844828
2.01	2.07385279	2.01	2.328192678	2.01	2.5798519	2.01	2.828816709	2.01	3.075071558	2.01	3.318599633
2.02	2.075028959	2.02	2.332132914	2.02	2.58652459	2.02	2.838190207	2.02	3.087114167	2.02	3.333279568
2.03	2.076058627	2.03	2.335941241	2.03	2.593079765	2.03	2.847460387	2.03	3.099067459	2.03	3.347883996
2.04	2.07694119	2.04	2.33961705	2.04	2.599516809	2.04	2.856626626	2.04	3.110930805	2.04	3.362412278
2.05	2.077676042	2.05	2.343159728	2.05	2.605835103	2.05	2.865688299	2.05	3.122703572	2.05	3.376863776
2.06	2.078262579	2.06	2.346568664	2.06	2.61203403	2.06	2.874644782	2.06	3.13438513	2.06	3.391237851
2.07	2.078700197	2.07	2.349843249	2.07	2.618112974	2.07	2.883495451	2.07	3.145974849	2.07	3.405533866
2.08	2.078988293	2.08	2.352982872	2.08	2.624071317	2.08	2.892239683	2.08	3.157472097	2.08	3.419751184
2.09	2.079126262	2.09	2.355986922	2.09	2.629908442	2.09	2.900876855	2.09	3.168876245	2.09	3.433889168
2.1	2.079113501	2.1	2.358854791	2.1	2.635623735	2.1	2.909406344	2.1	3.180186664	2.1	3.447947182
2.11	2.078949407	2.11	2.361585868	2.11	2.641216578	2.11	2.917827528	2.11	3.191402724	2.11	3.46192459
2.12	2.078633377	2.12	2.364179545	2.12	2.646686356	2.12	2.926139783	2.12	3.202523797	2.12	3.475820755
2.13	2.078164808	2.13	2.366635212	2.13	2.652032453	2.13	2.93434249	2.13	3.213549254	2.13	3.489635043
2.14	2.077543097	2.14	2.368952261	2.14	2.657254256	2.14	2.942435024	2.14	3.224478466	2.14	3.503366819
2.15	2.076767641	2.15	2.371130083	2.15	2.662351148	2.15	2.950416767	2.15	3.235310806	2.15	3.517015447
2.16	2.075837839	2.16	2.37316807	2.16	2.667322516	2.16	2.958287096	2.16	3.246045646	2.16	3.530580294
2.17	2.074753087	2.17	2.375065614	2.17	2.672167744	2.17	2.966045391	2.17	3.256682359	2.17	3.544060725
2.18	2.073512784	2.18	2.376822108	2.18	2.67688622	2.18	2.973691031	2.18	3.267220319	2.18	3.557456108
2.19	2.072116327	2.19	2.378436944	2.19	2.681477329	2.19	2.981223396	2.19	3.277658897	2.19	3.570765808
2.2	2.070563114	2.2	2.379909514	2.2	2.685940458	2.2	2.988641868	2.2	3.287997469	2.2	3.583989193
2.21	2.068852545	2.21	2.381239212	2.21	2.690274993	2.21	2.995945825	2.21	3.298235409	2.21	3.59712563
2.22	2.066984016	2.22	2.382425431	2.22	2.694480323	2.22	3.003134649	2.22	3.30837209	2.22	3.610174487
2.23	2.064956926	2.23	2.383467564	2.23	2.698555834	2.23	3.010207721	2.23	3.318406887	2.23	3.623135133
2.24	2.062770675	2.24	2.384365006	2.24	2.702500913	2.24	3.017164423	2.24	3.328339176	2.24	3.636006935
2.25	2.06042466	2.25	2.38511715	2.25	2.70631495	2.25	3.024004135	2.25	3.338168331	2.25	3.648789262
2.26	2.057918281	2.26	2.385723391	2.26	2.709997331	2.26	3.030726241	2.26	3.347893728	2.26	3.661481485
2.27	2.055250936	2.27	2.386183123	2.27	2.713547446	2.27	3.037330121	2.27	3.357514744	2.27	3.674082971
2.28	2.052422025	2.28	2.386495741	2.28	2.716964684	2.28	3.04381516	2.28	3.367030754	2.28	3.686593091
2.29	2.049430946	2.29	2.38666064	2.29	2.720248432	2.29	3.050180739	2.29	3.376441135	2.29	3.699011215
2.3	2.046277098	2.3	2.386677214	2.3	2.72339808	2.3	3.056426242	2.3	3.385745264	2.3	3.711336714
2.31	2.042959883	2.31	2.386544861	2.31	2.726413019	2.31	3.062551052	2.31	3.394942518	2.31	3.723568959
2.32	2.039478698	2.32	2.386262975	2.32	2.729292637	2.32	3.068554553	2.32	3.404032275	2.32	3.73570732
2.33	2.035832943	2.33	2.385830951	2.33	2.732036325	2.33	3.074436129	2.33	3.413013912	2.33	3.747751169
2.34	2.032022018	2.34	2.385248187	2.34	2.734643473	2.34	3.080195163	2.34	3.421886807	2.34	3.759699878
2.35	2.028045324	2.35	2.384514078	2.35	2.737113471	2.35	3.085831042	2.35	3.430650339	2.35	3.771552819
2.36	2.023902259	2.36	2.383628021	2.36	2.73944571	2.36	3.091343148	2.36	3.439303887	2.36	3.783309365
2.37	2.019592224	2.37	2.382589411	2.37	2.741639582	2.37	3.096730868	2.37	3.44784683	2.37	3.794968888
2.38	2.01511462	2.38	2.381397646	2.38	2.743694478	2.38	3.101993587	2.38	3.456278546	2.38	3.806530762
2.39	2.010468845	2.39	2.380052121	2.39	2.745609788	2.39	3.10713069	2.39	3.464598416	2.39	3.81799436
2.4	2.005654302	2.4	2.378552235	2.4	2.747384906	2.4	3.112141564	2.4	3.472805819	2.4	3.829359056
2.41	2.00067039	2.41	2.376897383	2.41	2.749019223	2.41	3.117025594	2.41	3.480900135	2.41	3.840624224
2.42	1.995516509	2.42	2.375086963	2.42	2.750512131	2.42	3.121782168	2.42	3.488880746	2.42	3.851789239
2.43	1.990192062	2.43	2.373120372	2.43	2.751863023	2.43	3.126410671	2.43	3.496747032	2.43	3.862853474
2.44	1.984696447	2.44	2.370997008	2.44	2.753071292	2.44	3.13091049	2.44	3.504498373	2.44	3.873816306
2.45	1.979029066	2.45	2.368716268	2.45	2.754136331	2.45	3.135281014	2.45	3.512134152	2.45	3.884677109
2.46	1.973189321	2.46	2.366277549	2.46	2.755057533	2.46	3.139521629	2.46	3.51965375	2.46	3.89543526
2.47	1.967176612	2.47	2.36368025	2.47	2.755834292	2.47	3.143631724	2.47	3.527056549	2.47	3.906090134
2.48	1.96099034	2.48	2.360923767	2.48	2.756466001	2.48	3.147610686	2.48	3.534341931	2.48	3.916641108
2.49	1.954629906	2.49	2.3580075	2.49	2.756952055	2.49	3.151457904	2.49	3.541509279	2.49	3.927087558
2.5	1.948094713	2.5	2.354930846	2.5	2.757291847	2.5	3.155172767	2.5	3.548557975	2.5	3.937428861
2.51	1.941384161	2.51	2.351693203	2.51	2.757484773	2.51	3.158754663	2.51	3.555487403	2.51	3.947664395
2.52	1.934497651	2.52	2.34829397	2.52	2.76E+00	2.52	3.162202981	2.52	3.562296946	2.52	3.957793537
2.53	1.927434586	2.53	2.344732546	2.53	2.757427605	2.53	3.165517111	2.53	3.568985988	2.53	3.967815665
2.54	1.920194367	2.54	2.341008328	2.54	2.757176301	2.54	3.168696443	2.54	3.575553913	2.54	3.977730157
2.55	1.912776396	2.55	2.337120716	2.55	2.75677571	2.55	3.171740366	2.55	3.582000104	2.55	3.987536392
2.56	1.905180074	2.56	2.333069108	2.56	2.75622523	2.56	3.174648271	2.56	3.588323947	2.56	3.997233747
2.57	1.897404804	2.57	2.328852904	2.57	2.755524254	2.57	3.177419547	2.57	3.594524826	2.57	4.006821604
2.58	1.889449988	2.58	2.324471501	2.58	2.754672179	2.58	3.180053587	2.58	3.600602127	2.58	4.01629934
2.59	1.881315027	2.59	2.319924301	2.59	2.7536684	2.59	3.18254978	2.59	3.606555234	2.59	4.025666336
2.6	1.872999324	2.6	2.315210701	2.6	2.752512315	2.6	3.184907518	2.6	3.612383534	2.6	4.034921971
2.61	1.864502282	2.61	2.310330101	2.61	2.751203319	2.61	3.187126193	2.61	3.618086412	2.61	4.044065626
2.62	1.855823301	2.62	2.305281901	2.62	2.749740809	2.62	3.189205196	2.62	3.623663255	2.62	4.053096681
2.63	1.846961786	2.63	2.300065499	2.63	2.74812418	2.63	3.191143919	2.63	3.629113449	2.63	4.062014517
2.64	1.837917138	2.64	2.294680297	2.64	2.746352831	2.64	3.192941754	2.64	3.63443638	2.64	4.070818516
2.65	1.828688759	2.65	2.289125693	2.65	2.744426157	2.65	3.194598094	2.65	3.639631436	2.65	4.079508059
2.66	1.819276053	2.66	2.283401088	2.66	2.742343556	2.66	3.196112331	2.66	3.644698004	2.66	4.088082527
2.67	1.809678422	2.67	2.277505882	2.67	2.740104424	2.67	3.197483859	2.67	3.649635472	2.67	4.096541303
2.68	1.799895269	2.68	2.271439474	2.68	2.737708159	2.68	3.198712071	2.68	3.654443226	2.68	4.104883769
2.69	1.789925996	2.69	2.265201264	2.69	2.735154159	2.69	3.19979636	2.69	3.659120657	2.69	4.113109307
2.7	1.779770007	2.7	2.258790654	2.7	2.73244182	2.7	3.20073612	2.7	3.663667151	2.7	4.121217301
2.71	1.769426704	2.71	2.252207044	2.71	2.72957054	2.71	3.201530745	2.71	3.668082098	2.71	4.129207134
2.72	1.758895491	2.72	2.245449833	2.72	2.726539717	2.72	3.202179629	2.72	3.672364886	2.72	4.137078189
2.73	1.74817577	2.73	2.238518422	2.73	2.723348749	2.73	3.202682166	2.73	3.676514904	2.73	4.144829849
2.74	1.737266945	2.74	2.231412213	2.74	2.719997034	2.74	3.203037751	2.74	3.680531542	2.74	4.1524615
2.75	1.726168418	2.75	2.224130606	2.75	2.716483969	2.75	3.20324578	2.75	3.68441419	2.75	4.159972525
2.76	1.714879594	2.76	2.216673001	2.76	2.712808953	2.76	3.20E+00	2.76	3.688162238	2.76	4.167362309
2.77	1.703399874	2.77	2.2090388	2.77	2.708971385	2.77	3.203216748	2.77	3.691775075	2.77	4.174630236
2.78	1.691728664	2.78	2.201227403	2.78	2.704970662	2.78	3.202978478	2.78	3.695252092	2.78	4.181775693
2.79	1.679865365	2.79	2.193238213	2.79	2.700806184	2.79	3.202590233	2.79	3.69859268	2.79	4.188798064
2.8	1.667809382	2.8	2.185070629	2.8	2.696477349	2.8	3.20205141	2.8	3.70179623	2.8	4.195696735
2.81	1.655560119	2.81	2.176724053	2.81	2.691983555	2.81	3.201361403	2.81	3.704862133	2.81	4.202471093
2.82	1.643116977	2.82	2.168197887	2.82	2.687324202	2.82	3.20051961	2.82	3.70778978	2.82	4.209120523
2.83	1.630479362	2.83	2.159491531	2.83	2.682498689	2.83	3.199525427	2.83	3.710578564	2.83	4.215644411
2.84	1.617646677	2.84	2.150604388	2.84	2.677506414	2.84	3.19837825	2.84	3.713227876	2.84	4.222042146
2.85	1.604618325	2.85	2.141535859	2.85	2.672346778	2.85	3.197077475	2.85	3.715737108	2.85	4.228313114
2.86	1.591393711	2.86	2.132285346	2.86	2.667019178	2.86	3.195622501	2.86	3.718105654	2.86	4.234456702
2.87	1.577972238	2.87	2.122852249	2.87	2.661523015	2.87	3.194012723	2.87	3.720332905	2.87	4.240472298
2.88	1.56435331	2.88	2.113235972	2.88	2.655857689	2.88	3.192247539	2.88	3.722418255	2.88	4.24635929
2.89	1.55053633	2.89	2.103435916	2.89	2.650022598	2.89	3.190326345	2.89	3.724361097	2.89	4.252117065
2.9	1.536520704	2.9	2.093451483	2.9	2.644017143	2.9	3.18824854	2.9	3.726160824	2.9	4.257745014
2.91	1.522305834	2.91	2.083282074	2.91	2.637840723	2.91	3.186013521	2.91	3.727816831	2.91	4.263242523
2.92	1.507891126	2.92	2.072927093	2.92	2.631492738	2.92	3.183620684	2.92	3.72932851	2.92	4.268608983
2.93	1.493275982	2.93	2.062385941	2.93	2.624972589	2.93	3.181069428	2.93	3.730695258	2.93	4.273843782
2.94	1.478459807	2.94	2.05165802	2.94	2.618279676	2.94	3.178359152	2.94	3.731916467	2.94	4.27894631
2.95	1.463442005	2.95	2.040742733	2.95	2.611413398	2.95	3.175489251	2.95	3.732991532	2.95	4.283915957
2.96	1.44822198	2.96	2.029639481	2.96	2.604373156	2.96	3.172459126	2.96	3.733919849	2.96	4.288752113
2.97	1.432799137	2.97	2.018347668	2.97	2.59715835	2.97	3.169268173	2.97	3.734700813	2.97	4.293454168
2.98	1.417172879	2.98	2.006866696	2.98	2.589768381	2.98	3.165915792	2.98	3.735333819	2.98	4.298021512
2.99	1.401342612	2.99	1.995195967	2.99	2.58220265	2.99	3.162401381	2.99	3.735818263	2.99	4.302453537
3	1.385307739	3	1.983334884	3	2.574460557	3	3.158724337	3	3.73615354	3	4.306749633
3.01	1.369067664	3.01	1.97128285	3.01	2.566541503	3.01	3.154884061	3.01	3.736339048	3.01	4.310909192
3.02	1.352621792	3.02	1.959039266	3.02	2.558444888	3.02	3.15087995	3.02	3.74E+00	3.02	4.314931605
3.03	1.335969528	3.03	1.946603537	3.03	2.550170114	3.03	3.146711404	3.03	3.736258338	3.03	4.318816265
3.04	1.319110275	3.04	1.933975065	3.04	2.541716582	3.04	3.142377822	3.04	3.735990915	3.04	4.322562563
3.05	1.302043438	3.05	1.921153252	3.05	2.533083693	3.05	3.137878602	3.05	3.735571308	3.05	4.326169892
3.06	1.284768422	3.06	1.908137502	3.06	2.524270847	3.06	3.133213145	3.06	3.734998914	3.06	4.329637643
3.07	1.267284631	3.07	1.894927217	3.07	2.515277447	3.07	3.128380848	3.07	3.734273132	3.07	4.332965211
3.08	1.24959147	3.08	1.881521801	3.08	2.506102893	3.08	3.123381113	3.08	3.733393359	3.08	4.336151989
3.09	1.231688343	3.09	1.867920657	3.09	2.496746587	3.09	3.118213338	3.09	3.732358991	3.09	4.339197368
3.1	1.213574655	3.1	1.854123187	3.1	2.48720793	3.1	3.112876923	3.1	3.731169427	3.1	4.342100744
3.11	1.19524981	3.11	1.840128795	3.11	2.477486325	3.11	3.107371267	3.11	3.729824065	3.11	4.34486151
3.12	1.176713212	3.12	1.825936885	3.12	2.467581172	3.12	3.101695772	3.12	3.728322301	3.12	4.34747906
3.13	1.157964268	3.13	1.811546858	3.13	2.457491873	3.13	3.095849835	3.13	3.726663536	3.13	4.349952788
3.14	1.13900238	3.14	1.796958119	3.14	2.44721783	3.14	3.089832859	3.14	3.724847165	3.14	4.35228209
3.15	1.119826954	3.15	1.782170071	3.15	2.436758445	3.15	3.083644242	3.15	3.722872589	3.15	4.354466359
3.16	1.100437395	3.16	1.767182118	3.16	2.42611312	3.16	3.077283386	3.16	3.720739205	3.16	4.356504991
3.17	1.080833106	3.17	1.751993662	3.17	2.415281256	3.17	3.07074969	3.17	3.718446412	3.17	4.358397381
3.18	1.061013494	3.18	1.736604107	3.18	2.404262256	3.18	3.064042555	3.18	3.715993608	3.18	4.360142925
3.19	1.040977961	3.19	1.721012857	3.19	2.393055522	3.19	3.057161381	3.19	3.713380193	3.19	4.361741018
3.2	1.020725914	3.2	1.705219316	3.2	2.381660456	3.2	3.050105569	3.2	3.710605565	3.2	4.363191057
3.21	1.000256757	3.21	1.689222885	3.21	2.370076461	3.21	3.04287452	3.21	3.707669124	3.21	4.364492437
3.22	0.979569894	3.22	1.673022971	3.22	2.358302938	3.22	3.035467635	3.22	3.704570268	3.22	4.365644556
3.23	0.958664731	3.23	1.656618975	3.23	2.34633929	3.23	3.027884314	3.23	3.701308397	3.23	4.36664681
3.24	0.937540671	3.24	1.640010302	3.24	2.334184919	3.24	3.020123959	3.24	3.69788291	3.24	4.367498596
3.25	0.916197121	3.25	1.623196355	3.25	2.321839228	3.25	3.01218597	3.25	3.694293206	3.25	4.368199311
3.26	0.894633484	3.26	1.606176538	3.26	2.309301619	3.26	3.004069749	3.26	3.690538686	3.26	4.368748353
3.27	0.872849165	3.27	1.588950255	3.27	2.296571495	3.27	2.995774697	3.27	3.686618749	3.27	4.369145119
3.28	0.850843569	3.28	1.57151691	3.28	2.283648259	3.28	2.987300216	3.28	3.682532795	3.28	4.369389007
3.29	0.828616101	3.29	1.553875906	3.29	2.270531313	3.29	2.978645705	3.29	3.678280223	3.29	4.37E+00
3.3	0.806166166	3.3	1.536026647	3.3	2.257220059	3.3	2.969810568	3.3	3.673860435	3.3	4.369415743
3.31	0.783493167	3.31	1.517968537	3.31	2.243713902	3.31	2.960794206	3.31	3.669272829	3.31	4.369197388
3.32	0.760596511	3.32	1.49970098	3.32	2.230012243	3.32	2.95159602	3.32	3.664516807	3.32	4.368823748
3.33	0.737475602	3.33	1.48122338	3.33	2.216114485	3.33	2.942215412	3.33	3.659591768	3.33	4.368294224
3.34	0.714129844	3.34	1.46253514	3.34	2.202020032	3.34	2.932651784	3.34	3.654497114	3.34	4.367608213
3.35	0.690558643	3.35	1.443635666	3.35	2.187728286	3.35	2.922904537	3.35	3.649232244	3.35	4.366765116
3.36	0.666761402	3.36	1.42452436	3.36	2.173238651	3.36	2.912973074	3.36	3.643796559	3.36	4.36576433
3.37	0.642737527	3.37	1.405200626	3.37	2.158550529	3.37	2.902856797	3.37	3.638189461	3.37	4.364605256
3.38	0.618486423	3.38	1.385663869	3.38	2.143663323	3.38	2.892555107	3.38	3.632410349	3.38	4.363287294
3.39	0.594007494	3.39	1.365913493	3.39	2.128576437	3.39	2.882067407	3.39	3.626458625	3.39	4.361809842
3.4	0.569300145	3.4	1.345948902	3.4	2.113289274	3.4	2.871393099	3.4	3.620333691	3.4	4.3601723
3.41	0.54436378	3.41	1.325769499	3.41	2.097801238	3.41	2.860531585	3.41	3.614034946	3.41	4.358374069
3.42	0.519197805	3.42	1.305374689	3.42	2.08211173	3.42	2.849482268	3.42	3.607561792	3.42	4.356414548
3.43	0.493801623	3.43	1.284763876	3.43	2.066220156	3.43	2.838244549	3.43	3.600913632	3.43	4.354293138
3.44	0.468174641	3.44	1.263936464	3.44	2.050125917	3.44	2.826817832	3.44	3.594089865	3.44	4.352009238
3.45	0.442316261	3.45	1.242891857	3.45	2.033828418	3.45	2.815201519	3.45	3.587089894	3.45	4.34956225
3.46	0.41622589	3.46	1.221629458	3.46	2.017327061	3.46	2.803395012	3.46	3.57991312	3.46	4.346951572
3.47	0.389902931	3.47	1.200148674	3.47	2.000621251	3.47	2.791397714	3.47	3.572558944	3.47	4.344176607
3.48	0.363346789	3.48	1.178448906	3.48	1.98371039	3.48	2.779209029	3.48	3.565026769	3.48	4.341236754
3.49	0.336556869	3.49	1.15652956	3.49	1.966593883	3.49	2.766828357	3.49	3.557315997	3.49	4.338131415
3.5	0.309532575	3.5	1.134390039	3.5	1.949271133	3.5	2.754255103	3.5	3.549426028	3.5	4.33485999
3.51	0.282273312	3.51	1.112029749	3.51	1.931741543	3.51	2.741488669	3.51	3.541356266	3.51	4.331421881
3.52	0.254778485	3.52	1.089448092	3.52	1.914004516	3.52	2.728528458	3.52	3.533106113	3.52	4.327816487
3.53	0.227047497	3.53	1.066644473	3.53	1.896059458	3.53	2.715373873	3.53	3.524674969	3.53	4.324043212
3.54	0.199079754	3.54	1.043618296	3.54	1.87790577	3.54	2.702024317	3.54	3.516062239	3.54	4.320101455
3.55	0.17087466	3.55	1.020368966	3.55	1.859542858	3.55	2.688479194	3.55	3.507267323	3.55	4.315990618
3.56	0.142431619	3.56	0.996895885	3.56	1.840970124	3.56	2.674737905	3.56	3.498289625	3.56	4.311710104
3.57	0.113750036	3.57	0.97319846	3.57	1.822186972	3.57	2.660799855	3.57	3.489128546	3.57	4.307259313
3.58	0.084829315	3.58	0.949276093	3.58	1.803192807	3.58	2.646664446	3.58	3.47978349	3.58	4.302637646
3.59	0.05566886	3.59	0.925128189	3.59	1.783987031	3.59	2.632331082	3.59	3.470253858	3.59	4.297844507
3.6	0.026268076	3.6	0.900754152	3.6	1.764569048	3.6	2.617799165	3.6	3.460539054	3.6	4.292879297
3.61	-0.003373632	3.61	0.876153386	3.61	1.744938263	3.61	2.603068101	3.61	3.450638481	3.61	4.287741417
NaN	NaN	3.62	0.851325295	3.62	1.725094079	3.62	2.588137291	3.62	3.44055154	3.62	4.28243027
NaN	NaN	3.63	0.826269284	3.63	1.7050359	3.63	2.573006139	3.63	3.430277635	3.63	4.276945258
NaN	NaN	3.64	0.800984756	3.64	1.68476313	3.64	2.557674048	3.64	3.41981617	3.64	4.271285783
NaN	NaN	3.65	0.775471115	3.65	1.664275173	3.65	2.542140423	3.65	3.409166545	3.65	4.265451248
NaN	NaN	3.66	0.749727766	3.66	1.643571432	3.66	2.526404666	3.66	3.398328166	3.66	4.259441055
NaN	NaN	3.67	0.723754113	3.67	1.622651311	3.67	2.510466181	3.67	3.387300434	3.67	4.253254607
NaN	NaN	3.68	0.697549559	3.68	1.601514215	3.68	2.494324372	3.68	3.376082754	3.68	4.246891305
NaN	NaN	3.69	0.67111351	3.69	1.580159547	3.69	2.477978643	3.69	3.364674528	3.69	4.240350554
NaN	NaN	3.7	0.644445368	3.7	1.558586711	3.7	2.461428396	3.7	3.353075159	3.7	4.233631755
NaN	NaN	3.71	0.617544537	3.71	1.536795111	3.71	2.444673036	3.71	3.341284051	3.71	4.226734312
NaN	NaN	3.72	0.590410423	3.72	1.514784151	3.72	2.427711966	3.72	3.329300608	3.72	4.219657626
NaN	NaN	3.73	0.563042429	3.73	1.492553235	3.73	2.410544591	3.73	3.317124232	3.73	4.212401103
NaN	NaN	3.74	0.535439958	3.74	1.470101767	3.74	2.393170313	3.74	3.304754327	3.74	4.204964143
NaN	NaN	3.75	0.507602415	3.75	1.44742915	3.75	2.375588537	3.75	3.292190297	3.75	4.197346152
NaN	NaN	3.76	0.479529204	3.76	1.424534789	3.76	2.357798666	3.76	3.279431546	3.76	4.189546531
NaN	NaN	3.77	0.451219728	3.77	1.401418088	3.77	2.339800105	3.77	3.266477476	3.77	4.181564684
NaN	NaN	3.78	0.422673392	3.78	1.37807845	3.78	2.321592257	3.78	3.253327492	3.78	4.173400015
NaN	NaN	3.79	0.393889599	3.79	1.35451528	3.79	2.303174527	3.79	3.239980997	3.79	4.165051927
NaN	NaN	3.8	0.364867753	3.8	1.330727982	3.8	2.284546317	3.8	3.226437395	3.8	4.156519823
NaN	NaN	3.81	0.335607259	3.81	1.306715959	3.81	2.265707032	3.81	3.212696091	3.81	4.147803107
NaN	NaN	3.82	0.306107519	3.82	1.282478615	3.82	2.246656077	3.82	3.198756487	3.82	4.138901183
NaN	NaN	3.83	0.276367938	3.83	1.258015355	3.83	2.227392854	3.83	3.184617988	3.83	4.129813454
NaN	NaN	3.84	0.246387919	3.84	1.233325581	3.84	2.207916768	3.84	3.170279997	3.84	4.120539325
NaN	NaN	3.85	0.216166867	3.85	1.208408699	3.85	2.188227223	3.85	3.155741919	3.85	4.111078198
NaN	NaN	3.86	0.185704184	3.86	1.183264112	3.86	2.168323623	3.86	3.141003158	3.86	4.101429479
NaN	NaN	3.87	0.154999275	3.87	1.157891224	3.87	2.148205372	3.87	3.126063117	3.87	4.09159257
NaN	NaN	3.88	0.124051543	3.88	1.132289439	3.88	2.127871874	3.88	3.110921201	3.88	4.081566877
NaN	NaN	3.89	0.092860391	3.89	1.106458161	3.89	2.107322534	3.89	3.095576815	3.89	4.071351802
NaN	NaN	3.9	0.061425224	3.9	1.080396794	3.9	2.086556754	3.9	3.080029361	3.9	4.060946751
NaN	NaN	3.91	0.029745445	3.91	1.054104741	3.91	2.06557394	3.91	3.064278244	3.91	4.050351127
NaN	NaN	3.92	-0.002179543	3.92	1.027581406	3.92	2.044373496	3.92	3.04832287	3.92	4.039564335
NaN	NaN	NaN	NaN	3.93	1.000826194	3.93	2.022954824	3.93	3.032162641	3.93	4.028585778
NaN	NaN	NaN	NaN	3.94	0.973838508	3.94	2.001317331	3.94	3.015796962	3.94	4.017414862
NaN	NaN	NaN	NaN	3.95	0.946617752	3.95	1.979460419	3.95	2.999225237	3.95	4.006050991
NaN	NaN	NaN	NaN	3.96	0.919163329	3.96	1.957383494	3.96	2.982446871	3.96	3.994493569
NaN	NaN	NaN	NaN	3.97	0.891474645	3.97	1.935085958	3.97	2.965461269	3.97	3.982742
NaN	NaN	NaN	NaN	3.98	0.863551101	3.98	1.912567216	3.98	2.948267834	3.98	3.97079569
NaN	NaN	NaN	NaN	3.99	0.835392103	3.99	1.889826673	3.99	2.930865971	3.99	3.958654043
NaN	NaN	NaN	NaN	4	0.806997053	4	1.866863732	4	2.913255084	4	3.946316463
NaN	NaN	NaN	NaN	4.01	0.778365356	4.01	1.843677798	4.01	2.895434578	4.01	3.933782356
NaN	NaN	NaN	NaN	4.02	0.749496415	4.02	1.820268275	4.02	2.877403858	4.02	3.921051126
NaN	NaN	NaN	NaN	4.03	0.720389634	4.03	1.796634566	4.03	2.859162327	4.03	3.908122177
NaN	NaN	NaN	NaN	4.04	0.691044416	4.04	1.772776077	4.04	2.840709391	4.04	3.894994915
NaN	NaN	NaN	NaN	4.05	0.661460166	4.05	1.748692211	4.05	2.822044454	4.05	3.881668744
NaN	NaN	NaN	NaN	4.06	0.631636286	4.06	1.724382372	4.06	2.803166921	4.06	3.86814307
NaN	NaN	NaN	NaN	4.07	0.601572181	4.07	1.699845964	4.07	2.784076195	4.07	3.854417297
NaN	NaN	NaN	NaN	4.08	0.571267254	4.08	1.675082392	4.08	2.764771683	4.08	3.840490831
NaN	NaN	NaN	NaN	4.09	0.540720908	4.09	1.65009106	4.09	2.745252787	4.09	3.826363076
NaN	NaN	NaN	NaN	4.1	0.509932547	4.1	1.624871371	4.1	2.725518914	4.1	3.812033437
NaN	NaN	NaN	NaN	4.11	0.478901574	4.11	1.599422731	4.11	2.705569467	4.11	3.79750132
NaN	NaN	NaN	NaN	4.12	0.447627393	4.12	1.573744542	4.12	2.685403852	4.12	3.782766129
NaN	NaN	NaN	NaN	4.13	0.416109408	4.13	1.54783621	4.13	2.665021473	4.13	3.767827271
NaN	NaN	NaN	NaN	4.14	0.384347021	4.14	1.521697137	4.14	2.644421734	4.14	3.752684149
NaN	NaN	NaN	NaN	4.15	0.352339636	4.15	1.495326729	4.15	2.62360404	4.15	3.737336169
NaN	NaN	NaN	NaN	4.16	0.320086656	4.16	1.468724389	4.16	2.602567797	4.16	3.721782737
NaN	NaN	NaN	NaN	4.17	0.287587485	4.17	1.441889522	4.17	2.581312408	4.17	3.706023258
NaN	NaN	NaN	NaN	4.18	0.254841525	4.18	1.41482153	4.18	2.559837278	4.18	3.690057136
NaN	NaN	NaN	NaN	4.19	0.221848181	4.19	1.387519819	4.19	2.538141813	4.19	3.673883778
NaN	NaN	NaN	NaN	4.2	0.188606854	4.2	1.359983792	4.2	2.516225416	4.2	3.657502589
NaN	NaN	NaN	NaN	4.21	0.155116949	4.21	1.332212853	4.21	2.494087493	4.21	3.640912973
NaN	NaN	NaN	NaN	4.22	0.121377869	4.22	1.304206407	4.22	2.471727448	4.22	3.624114337
NaN	NaN	NaN	NaN	4.23	0.087389015	4.23	1.275963856	4.23	2.449144686	4.23	3.607106086
NaN	NaN	NaN	NaN	4.24	0.053149793	4.24	1.247484606	4.24	2.426338612	4.24	3.589887625
NaN	NaN	NaN	NaN	4.25	0.018659603	4.25	1.218768059	4.25	2.403308629	4.25	3.57245836
NaN	NaN	NaN	NaN	4.26	-0.01608215	4.26	1.18981362	4.26	2.380054144	4.26	3.554817696
NaN	NaN	NaN	NaN	NaN	NaN	4.27	1.160620693	4.27	2.356574561	4.27	3.536965039
NaN	NaN	NaN	NaN	NaN	NaN	4.28	1.131188681	4.28	2.332869284	4.28	3.518899794
NaN	NaN	NaN	NaN	NaN	NaN	4.29	1.101516988	4.29	2.308937718	4.29	3.500621367
NaN	NaN	NaN	NaN	NaN	NaN	4.3	1.071605019	4.3	2.284779268	4.3	3.482129163
NaN	NaN	NaN	NaN	NaN	NaN	4.31	1.041452175	4.31	2.260393338	4.31	3.463422588
NaN	NaN	NaN	NaN	NaN	NaN	4.32	1.011057863	4.32	2.235779334	4.32	3.444501047
NaN	NaN	NaN	NaN	NaN	NaN	4.33	0.980421484	4.33	2.210936659	4.33	3.425363946
NaN	NaN	NaN	NaN	NaN	NaN	4.34	0.949542443	4.34	2.185864719	4.34	3.406010691
NaN	NaN	NaN	NaN	NaN	NaN	4.35	0.918420143	4.35	2.160562918	4.35	3.386440687
NaN	NaN	NaN	NaN	NaN	NaN	4.36	0.887053989	4.36	2.135030661	4.36	3.366653339
NaN	NaN	NaN	NaN	NaN	NaN	4.37	0.855443382	4.37	2.109267352	4.37	3.346648054
NaN	NaN	NaN	NaN	NaN	NaN	4.38	0.823587728	4.38	2.083272396	4.38	3.326424237
NaN	NaN	NaN	NaN	NaN	NaN	4.39	0.79148643	4.39	2.057045197	4.39	3.305981293
NaN	NaN	NaN	NaN	NaN	NaN	4.4	0.75913889	4.4	2.030585161	4.4	3.285318628
NaN	NaN	NaN	NaN	NaN	NaN	4.41	0.726544512	4.41	2.003891691	4.41	3.264435648
NaN	NaN	NaN	NaN	NaN	NaN	4.42	0.693702701	4.42	1.976964193	4.42	3.243331759
NaN	NaN	NaN	NaN	NaN	NaN	4.43	0.660612859	4.43	1.94980207	4.43	3.222006365
NaN	NaN	NaN	NaN	NaN	NaN	4.44	0.627274389	4.44	1.922404727	4.44	3.200458873
NaN	NaN	NaN	NaN	NaN	NaN	4.45	0.593686694	4.45	1.89477157	4.45	3.178688689
NaN	NaN	NaN	NaN	NaN	NaN	4.46	0.559849179	4.46	1.866902001	4.46	3.156695217
NaN	NaN	NaN	NaN	NaN	NaN	4.47	0.525761246	4.47	1.838795426	4.47	3.134477864
NaN	NaN	NaN	NaN	NaN	NaN	4.48	0.491422298	4.48	1.810451249	4.48	3.112036034
NaN	NaN	NaN	NaN	NaN	NaN	4.49	0.456831739	4.49	1.781868874	4.49	3.089369135
NaN	NaN	NaN	NaN	NaN	NaN	4.5	0.421988971	4.5	1.753047706	4.5	3.066476571
NaN	NaN	NaN	NaN	NaN	NaN	4.51	0.386893398	4.51	1.72398715	4.51	3.043357747
NaN	NaN	NaN	NaN	NaN	NaN	4.52	0.351544422	4.52	1.694686608	4.52	3.020012071
NaN	NaN	NaN	NaN	NaN	NaN	4.53	0.315941447	4.53	1.665145487	4.53	2.996438946
NaN	NaN	NaN	NaN	NaN	NaN	4.54	0.280083875	4.54	1.635363189	4.54	2.972637779
NaN	NaN	NaN	NaN	NaN	NaN	4.55	0.24397111	4.55	1.60533912	4.55	2.948607975
NaN	NaN	NaN	NaN	NaN	NaN	4.56	0.207602554	4.56	1.575072683	4.56	2.92434894
NaN	NaN	NaN	NaN	NaN	NaN	4.57	0.17097761	4.57	1.544563283	4.57	2.899860079
NaN	NaN	NaN	NaN	NaN	NaN	4.58	0.134095681	4.58	1.513810323	4.58	2.875140798
NaN	NaN	NaN	NaN	NaN	NaN	4.59	0.09695617	4.59	1.482813209	4.59	2.850190503
NaN	NaN	NaN	NaN	NaN	NaN	4.6	0.059558481	4.6	1.451571343	4.6	2.825008598
NaN	NaN	NaN	NaN	NaN	NaN	4.61	0.021902016	4.61	1.42008413	4.61	2.79959449
NaN	NaN	NaN	NaN	NaN	NaN	4.62	-0.016013823	4.62	1.388350975	4.62	2.773947583
NaN	NaN	NaN	NaN	NaN	NaN	NaN	NaN	4.63	1.35637128	4.63	2.748067283
NaN	NaN	NaN	NaN	NaN	NaN	NaN	NaN	4.64	1.32414445	4.64	2.721952997
NaN	NaN	NaN	NaN	NaN	NaN	NaN	NaN	4.65	1.291669889	4.65	2.695604128
NaN	NaN	NaN	NaN	NaN	NaN	NaN	NaN	4.66	1.258947001	4.66	2.669020082
NaN	NaN	NaN	NaN	NaN	NaN	NaN	NaN	4.67	1.225975189	4.67	2.642200266
NaN	NaN	NaN	NaN	NaN	NaN	NaN	NaN	4.68	1.192753857	4.68	2.615144083
NaN	NaN	NaN	NaN	NaN	NaN	NaN	NaN	4.69	1.15928241	4.69	2.58785094
NaN	NaN	NaN	NaN	NaN	NaN	NaN	NaN	4.7	1.12556025	4.7	2.560320242
NaN	NaN	NaN	NaN	NaN	NaN	NaN	NaN	4.71	1.091586781	4.71	2.532551394
NaN	NaN	NaN	NaN	NaN	NaN	NaN	NaN	4.72	1.057361408	4.72	2.504543801
NaN	NaN	NaN	NaN	NaN	NaN	NaN	NaN	4.73	1.022883533	4.73	2.476296869
NaN	NaN	NaN	NaN	NaN	NaN	NaN	NaN	4.74	0.98815256	4.74	2.447810002
NaN	NaN	NaN	NaN	NaN	NaN	NaN	NaN	4.75	0.953167893	4.75	2.419082606
NaN	NaN	NaN	NaN	NaN	NaN	NaN	NaN	4.76	0.917928935	4.76	2.390114086
NaN	NaN	NaN	NaN	NaN	NaN	NaN	NaN	4.77	0.882435089	4.77	2.360903847
NaN	NaN	NaN	NaN	NaN	NaN	NaN	NaN	4.78	0.846685759	4.78	2.331451295
NaN	NaN	NaN	NaN	NaN	NaN	NaN	NaN	4.79	0.810680349	4.79	2.301755833
NaN	NaN	NaN	NaN	NaN	NaN	NaN	NaN	4.8	0.774418261	4.8	2.271816868
NaN	NaN	NaN	NaN	NaN	NaN	NaN	NaN	4.81	0.7378989	4.81	2.241633804
NaN	NaN	NaN	NaN	NaN	NaN	NaN	NaN	4.82	0.701121669	4.82	2.211206046
NaN	NaN	NaN	NaN	NaN	NaN	NaN	NaN	4.83	0.664085971	4.83	2.180532999
NaN	NaN	NaN	NaN	NaN	NaN	NaN	NaN	4.84	0.626791209	4.84	2.149614068
NaN	NaN	NaN	NaN	NaN	NaN	NaN	NaN	4.85	0.589236788	4.85	2.118448658
NaN	NaN	NaN	NaN	NaN	NaN	NaN	NaN	4.86	0.55142211	4.86	2.087036173
NaN	NaN	NaN	NaN	NaN	NaN	NaN	NaN	4.87	0.51334658	4.87	2.055376018
NaN	NaN	NaN	NaN	NaN	NaN	NaN	NaN	4.88	0.4750096	4.88	2.023467599
NaN	NaN	NaN	NaN	NaN	NaN	NaN	NaN	4.89	0.436410575	4.89	1.991310319
NaN	NaN	NaN	NaN	NaN	NaN	NaN	NaN	4.9	0.397548907	4.9	1.958903584
NaN	NaN	NaN	NaN	NaN	NaN	NaN	NaN	4.91	0.358424	4.91	1.926246797
NaN	NaN	NaN	NaN	NaN	NaN	NaN	NaN	4.92	0.319035259	4.92	1.893339365
NaN	NaN	NaN	NaN	NaN	NaN	NaN	NaN	4.93	0.279382085	4.93	1.86018069
NaN	NaN	NaN	NaN	NaN	NaN	NaN	NaN	4.94	0.239463883	4.94	1.826770177
NaN	NaN	NaN	NaN	NaN	NaN	NaN	NaN	4.95	0.199280056	4.95	1.793107231
NaN	NaN	NaN	NaN	NaN	NaN	NaN	NaN	4.96	0.158830007	4.96	1.759191257
NaN	NaN	NaN	NaN	NaN	NaN	NaN	NaN	4.97	0.118113141	4.97	1.725021658
NaN	NaN	NaN	NaN	NaN	NaN	NaN	NaN	4.98	0.07712886	4.98	1.69059784
NaN	NaN	NaN	NaN	NaN	NaN	NaN	NaN	4.99	0.035876568	4.99	1.655919205
NaN	NaN	NaN	NaN	NaN	NaN	NaN	NaN	5	-0.005644332	5	1.620985158
NaN	NaN	NaN	NaN	NaN	NaN	NaN	NaN	NaN	NaN	5.01	1.585795105
NaN	NaN	NaN	NaN	NaN	NaN	NaN	NaN	NaN	NaN	5.02	1.550348448
NaN	NaN	NaN	NaN	NaN	NaN	NaN	NaN	NaN	NaN	5.03	1.514644592
NaN	NaN	NaN	NaN	NaN	NaN	NaN	NaN	NaN	NaN	5.04	1.478682942
NaN	NaN	NaN	NaN	NaN	NaN	NaN	NaN	NaN	NaN	5.05	1.442462902
NaN	NaN	NaN	NaN	NaN	NaN	NaN	NaN	NaN	NaN	5.06	1.405983875
NaN	NaN	NaN	NaN	NaN	NaN	NaN	NaN	NaN	NaN	5.07	1.369245267
NaN	NaN	NaN	NaN	NaN	NaN	NaN	NaN	NaN	NaN	5.08	1.332246481
NaN	NaN	NaN	NaN	NaN	NaN	NaN	NaN	NaN	NaN	5.09	1.294986923
NaN	NaN	NaN	NaN	NaN	NaN	NaN	NaN	NaN	NaN	5.1	1.257465995
NaN	NaN	NaN	NaN	NaN	NaN	NaN	NaN	NaN	NaN	5.11	1.219683103
NaN	NaN	NaN	NaN	NaN	NaN	NaN	NaN	NaN	NaN	5.12	1.181637651
NaN	NaN	NaN	NaN	NaN	NaN	NaN	NaN	NaN	NaN	5.13	1.143329043
NaN	NaN	NaN	NaN	NaN	NaN	NaN	NaN	NaN	NaN	5.14	1.104756683
NaN	NaN	NaN	NaN	NaN	NaN	NaN	NaN	NaN	NaN	5.15	1.065919975
NaN	NaN	NaN	NaN	NaN	NaN	NaN	NaN	NaN	NaN	5.16	1.026818325
NaN	NaN	NaN	NaN	NaN	NaN	NaN	NaN	NaN	NaN	5.17	0.987451135
NaN	NaN	NaN	NaN	NaN	NaN	NaN	NaN	NaN	NaN	5.18	0.947817811
NaN	NaN	NaN	NaN	NaN	NaN	NaN	NaN	NaN	NaN	5.19	0.907917756
NaN	NaN	NaN	NaN	NaN	NaN	NaN	NaN	NaN	NaN	5.2	0.867750376
NaN	NaN	NaN	NaN	NaN	NaN	NaN	NaN	NaN	NaN	5.21	0.827315073
NaN	NaN	NaN	NaN	NaN	NaN	NaN	NaN	NaN	NaN	5.22	0.786611252
NaN	NaN	NaN	NaN	NaN	NaN	NaN	NaN	NaN	NaN	5.23	0.745638318
NaN	NaN	NaN	NaN	NaN	NaN	NaN	NaN	NaN	NaN	5.24	0.704395675
NaN	NaN	NaN	NaN	NaN	NaN	NaN	NaN	NaN	NaN	5.25	0.662882726
NaN	NaN	NaN	NaN	NaN	NaN	NaN	NaN	NaN	NaN	5.26	0.621098876
NaN	NaN	NaN	NaN	NaN	NaN	NaN	NaN	NaN	NaN	5.27	0.579043529
NaN	NaN	NaN	NaN	NaN	NaN	NaN	NaN	NaN	NaN	5.28	0.536716089
NaN	NaN	NaN	NaN	NaN	NaN	NaN	NaN	NaN	NaN	5.29	0.494115961
NaN	NaN	NaN	NaN	NaN	NaN	NaN	NaN	NaN	NaN	5.3	0.451242548
NaN	NaN	NaN	NaN	NaN	NaN	NaN	NaN	NaN	NaN	5.31	0.408095254
NaN	NaN	NaN	NaN	NaN	NaN	NaN	NaN	NaN	NaN	5.32	0.364673483
NaN	NaN	NaN	NaN	NaN	NaN	NaN	NaN	NaN	NaN	5.33	0.320976639
NaN	NaN	NaN	NaN	NaN	NaN	NaN	NaN	NaN	NaN	5.34	0.277004127
NaN	NaN	NaN	NaN	NaN	NaN	NaN	NaN	NaN	NaN	5.35	0.23275535
NaN	NaN	NaN	NaN	NaN	NaN	NaN	NaN	NaN	NaN	5.36	0.188229712
NaN	NaN	NaN	NaN	NaN	NaN	NaN	NaN	NaN	NaN	5.37	0.143426618
NaN	NaN	NaN	NaN	NaN	NaN	NaN	NaN	NaN	NaN	5.38	0.09834547
NaN	NaN	NaN	NaN	NaN	NaN	NaN	NaN	NaN	NaN	5.39	0.052985672
NaN	NaN	NaN	NaN	NaN	NaN	NaN	NaN	NaN	NaN	5.4	0.00734663
NaN	NaN	NaN	NaN	NaN	NaN	NaN	NaN	NaN	NaN	5.41	-0.038572255
